-5.06
-5.30
-5.26
-5.06
-4.76
-3.72
-2.31
-0.97
-5.11
-5.45
-5.46
-5.28
-4.98
-3.90
-2.40
-0.96
-7.23
-7.51
-7.43
-7.14
-6.73
-5.26
-3.23
-1.26
-7.10
-7.51
-7.53
-7.33
-6.99
-5.67
-3.70
-1.43
-4.91
-5.32
-5.39
-5.26
-4.99
-3.94
-2.42
-0.94
-6.94
-7.42
-7.48
-7.26
-6.89
-5.46
-3.36
-1.29
-6.87
-7.37
-7.46
-7.31
-7.00
-5.70
-3.44
-1.07
-4.83
-5.14
-5.15
-4.98
-4.71
-3.71
-2.28
-0.92
-2.08
-2.40
-2.48
-2.44
-2.31
-1.79
-1.05
-0.41
-2.58
-3.07
-3.24
-3.20
-3.05
-2.35
-1.13
-0.30
-2.78
-3.39
-3.66
-3.71
-3.60
-2.53
-1.18
-0.39
-6.91
-7.31
-7.31
-7.06
-6.67
-5.22
-3.15
-1.15
-4.07
-4.61
-4.81
-4.80
-4.66
-3.88
-2.58
-1.18
-5.61
-6.20
-6.40
-6.34
-6.11
-4.98
-3.24
-1.39
-5.65
-6.30
-6.55
-6.54
-6.35
-5.37
-3.70
-1.54
-4.27
-4.64
-4.73
-4.64
-4.45
-3.63
-2.38
-1.10
-14.32
-15.42
-15.64
-15.33
-14.68
-11.89
-7.60
-3.10
-6.84
-7.14
-7.10
-6.83
-6.43
-5.02
-3.07
-1.23
-6.62
-7.07
-7.12
-6.92
-6.61
-5.19
-3.20
-1.21
-17.66
-18.85
-19.04
-18.55
-17.68
-14.09
-8.85
-3.49
-14.07
-15.08
-15.26
-14.91
-14.24
-11.56
-7.50
-2.83
-17.25
-18.41
-18.63
-18.24
-17.48
-14.29
-9.28
-3.95
-16.51
-17.62
-17.88
-17.59
-16.94
-14.10
-9.50
-4.36
6.62
3.73
1.57
0.63
0.46
-0.09
0.06
0.12
5.35
2.66
0.91
-0.13
-0.51
-0.73
-0.42
-0.14
1.60
-1.60
-3.20
-3.87
-3.92
-3.34
-1.96
-0.69
6.02
3.18
1.19
0.14
-0.06
-0.36
-0.07
0.10
4.88
2.31
0.52
-0.65
-1.05
-0.85
-0.28
0.04
4.79
1.23
-0.69
-1.81
-2.18
-1.78
-0.95
-0.33
3.05
1.79
0.84
0.42
0.37
0.08
0.16
0.13
1.56
0.27
-0.57
-0.87
-0.93
-0.92
-0.49
-0.11
0.91
-0.43
-1.14
-1.41
-1.47
-1.24
-0.60
-0.11
2.39
1.17
0.39
0.00
-0.14
-0.29
-0.13
-0.03
2.56
0.92
-0.04
-0.54
-0.78
-0.85
-0.56
-0.29
1.85
0.63
-0.04
-0.36
-0.50
-0.48
-0.23
-0.05
1.69
0.53
0.18
-0.01
NaN
-0.06
0.51
0.25
2.04
0.79
0.08
-0.28
-0.44
-0.50
-0.28
-0.09
1.89
0.69
-0.07
-0.45
-0.62
-0.61
-0.33
-0.12
3.41
1.51
0.33
-0.27
-0.47
-0.68
-0.35
-0.04
-6.62
-8.10
-9.00
-9.35
-9.47
-9.67
-9.48
-9.26
3.00
1.16
0.04
-0.48
-0.65
-0.85
-0.35
-0.06
3.39
1.42
0.35
-0.18
-0.42
-0.59
-0.25
0.04
2.12
0.52
-0.32
-0.63
-0.77
-0.81
-0.43
-0.12
1.02
0.29
-0.11
-0.30
-0.39
-0.33
-0.13
0.04
1.25
0.37
-0.11
-0.37
-0.47
-0.41
-0.20
0.02
1.55
0.24
-0.51
-0.89
-1.04
-1.12
-0.71
-0.29
2.29
0.79
-0.03
-0.49
-0.67
-0.66
-0.31
0.03
1.13
-0.10
-0.79
-1.16
-1.27
-1.16
-0.64
-0.18
1.77
0.22
-0.61
-1.02
-1.16
-1.04
-0.62
-0.19
0.18
0.65
NaN
-1.45
-0.57
-1.20
-0.63
-0.17
-0.85
-1.13
-1.22
-1.20
-1.12
-0.79
-0.37
-0.08
-1.18
-2.08
-2.50
-2.63
-2.59
-2.06
-1.19
-0.42
-1.36
-2.05
-2.38
-2.48
-2.43
-1.97
-1.12
-0.26
-1.51
-2.18
-2.45
-2.46
-2.33
-1.83
-1.08
-0.40
-0.78
-1.68
-2.14
-2.34
-2.35
-1.84
-1.09
-0.40
0.55
-0.42
-0.95
-1.24
-1.30
-1.09
-0.56
-0.11
1.02
-0.85
-1.82
-2.29
-2.44
-2.00
-1.19
-0.44
-0.78
-1.93
-2.52
-2.52
-2.31
-1.54
-0.71
-0.18
-2.25
-2.49
-2.51
-2.42
-2.26
-1.65
-0.83
-0.08
-3.64
-4.12
-4.22
-4.10
-3.85
-2.88
-1.59
-0.48
0.63
-0.09
-0.48
-0.65
-0.72
-0.66
-0.29
-0.02
0.71
-0.20
-0.67
-0.91
-1.03
-0.95
-0.57
-0.16
1.74
0.23
-0.58
-1.01
-1.10
-1.06
-0.52
-0.10
-0.04
-0.71
-1.06
-1.21
-1.22
-1.02
-0.49
-0.04
-3.54
-3.83
-3.86
-3.73
-3.52
-2.74
-1.66
-0.69
-0.91
-1.59
-1.95
-2.12
-2.13
-1.78
-1.11
-0.42
