-5.383983984616305
-5.592445298218470
-5.520636243050937
-5.285208106686168
-4.964378128956930
-3.873584568085384
-2.356974443977511
-0.924185905307946
-5.823128713527978
-6.094856425756793
-6.047491293438279
-5.809618068246948
-5.467408231377028
-4.274473399060309
-2.585603269322110
-0.971398866710762
-7.706753226767147
-7.923143116577848
-7.780303744903522
-7.422954939660047
-6.950936520268342
-5.378688749927277
-3.217882592731326
-1.140700481165868
-8.354691472552492
-8.659262315578308
-8.596841046056236
-8.311764523100589
-7.895541442973427
-6.381479883881823
-4.102681766156137
-1.469379341462663
-5.984092929647685
-6.308774243855240
-6.298139472327675
-6.083994621475041
-5.754443649165382
-4.554349943167688
-2.799655750856589
-1.090999007324547
-8.268940798914445
-8.637495722624426
-8.572951590160272
-8.241656770338501
-7.766466543952101
-6.106016108567180
-3.741097651653968
-1.410149206217743
-8.656979877073326
-9.025346359845130
-9.001882292297788
-8.737067281985137
-8.326690326680795
-6.780313622888447
-4.076337746084577
-1.238531518781428
-5.422770817940817
-5.680814064898829
-5.643595502085940
-5.432374905930617
-5.126093347852072
-4.048730738616885
-2.493114717818458
-1.009857575554372
-3.306814485989293
-3.509050157279366
-3.494725946592552
-3.352736222117769
-3.134337236738806
-2.336200884037863
-1.318511870659430
-0.464972811093215
-4.114383491231284
-4.478784744628619
-4.513709448282647
-4.357142877995863
-4.093613194333781
-3.107988196580898
-1.500146546985623
-0.414728102704596
-5.404908083964615
-5.822943472863793
-5.898467444053491
-5.756763298949317
-5.470390342405642
-3.705612331477319
-1.733053352193278
-0.599977481872051
-7.995610365931817
-8.324340305469862
-8.245206777003832
-7.921197524929808
-7.463669229613363
-5.874119028102080
-3.631103607072024
-1.448959257338555
-6.131174387658357
-6.505223529169570
-6.548972013366952
-6.390762938287081
-6.113952403138510
-4.998241463897855
-3.249210477534024
-1.417794524840988
-7.771195263517618
-8.190026647581785
-8.210349154062229
-7.980010052924952
-7.600142459692671
-6.125560315625162
-3.921819114120704
-1.632607798281467
-8.695036289897736
-9.118321230819884
-9.158786587942133
-8.950015473147124
-8.585848029635557
-7.133529026330862
-4.802153059002197
-1.884879782237388
-5.340029802954753
-5.618637900382764
-5.617630622926487
-5.451367156071909
-5.196138412461831
-4.201923444019244
-2.711149434208404
-1.224176811158770
-17.397240050309289
-18.263249282505338
-18.277896095599377
-17.758553520182762
-16.921205636098939
-13.700455829265341
-8.817295750873795
-3.575334811482281
-7.439890529049518
-7.680699806081567
-7.560723473836694
-7.223300840396770
-6.768347716517059
-5.248659911762765
-3.153809154761961
-1.147840027558829
-7.911339170282794
-8.271985472572114
-8.223681022024421
-7.923468919262756
-7.407118997052175
-5.910754133029664
-3.557513995143304
-1.290175885992535
-20.142497046002539
-21.074360900415286
-21.044181859079114
-20.385533728954744
-19.356804510484107
-15.525289024292302
-9.904230570678472
-3.909607224233445
-16.553174368641809
-17.377044677202850
-17.378631584727877
-16.867405901010351
-16.054841861372402
-13.042513082000506
-8.450948780338022
-3.146489827042702
-20.117799044771065
-21.034625399030688
-21.049363577364424
-20.475580705720660
-19.546257635218648
-15.952911244694723
-10.476206592970220
-4.445158796377072
-19.498900535007422
-20.386304812027706
-20.450427948735310
-19.970176673980895
-19.151192840790952
-15.905707570435633
-10.751987134787928
-4.897660242560720
1.057657195139626
-1.109584694386080
-2.465332196076400
-2.753355375778938
-2.408643346767512
-1.719805068396849
-0.522746874431151
0.016076529597074
-0.272809788769206
-2.325257189820783
-3.379257450762486
-3.775767649398755
-3.603348256500238
-2.596457919996088
-1.138389930284496
-0.266492718407503
-6.679015911740858
-8.996906836150288
-9.708107401781813
-9.557777957158841
-8.900715479523598
-6.654431677912639
-3.571060973108408
-1.111069631644765
0.405878531524859
-1.742763551961415
-2.971367125362351
-3.340899457078164
-3.005137212447591
-2.101436526689365
-0.713320479223003
-0.013743325610257
-2.193729295368360
-3.982059727113385
-4.923146395053753
-5.311987429762435
-5.053536866723945
-3.405832456867726
-1.432122939829800
-0.223736263121136
-2.237762543133297
-4.917913723006604
-5.947992776103337
-6.247672186491419
-5.920392232009525
-4.032661676338693
-1.852172695346785
-0.470428625293150
0.001651227197418
-0.862773482019265
-1.372479150682548
-1.422864107325246
-1.185376047181297
-0.808730085160532
-0.184931608614834
0.053061219778244
-2.138247020401320
-2.985360764316262
-3.371186806495321
-3.288903873124782
-3.012650691460346
-2.224668877661885
-1.061077244689790
-0.238817249737394
-2.111546324186202
-3.070975017450086
-3.405804532739571
-3.354072439779664
-3.131918252290377
-2.256641778956474
-1.002969597492352
-0.118336149201732
-0.580921163052138
-1.431364783480214
-1.835435398849429
-1.887782952625351
-1.737866095214671
-1.240710041781287
-0.510436214639422
-0.096690602776135
-3.177962478173169
-4.109717334305957
-4.416420264657456
-4.341568669371270
-4.095714784736731
-3.054315657534892
-1.601403281763883
-0.548576588143433
-2.319665331615307
-3.017555615572154
-3.184817888499143
-3.042126922717384
-2.787045455485355
-1.939909748770578
-0.923538253289079
-0.251299909739608
-1.171883160405445
-2.105157529560817
-2.110801094511844
-1.963404940716014
nan
-1.133600593341498
0.100223164691503
0.047038200151950
-1.940253749194187
-2.627413127232026
-2.849450096014458
-2.791628028212676
-2.579628567891407
-1.815714610748041
-0.852470788237963
-0.172079471301981
-2.444188280330426
-3.150485992626650
-3.424592716954751
-3.348124470214574
-3.104881776040314
-2.216123773843192
-1.082174975790501
-0.307217048501439
-1.850853420478030
-3.133073621864854
-3.632684176754642
-3.626437324666834
-3.347035930369230
-2.460804969668167
-1.106641551666695
-0.194561236251799
-9.699240887864995
-10.598755649324712
-10.906418354719852
-10.781372188985774
-10.510454277126627
-9.798799583277930
-8.769940282203937
-8.094882038713770
-3.717875237833948
-4.722430048596831
-5.022785348956007
-4.847665471056197
-4.363935160916959
-3.038922046012967
-1.236889453284468
-0.250150752541095
-2.524377278910628
-3.728155278553467
-4.074978373298999
-3.972677275292250
-3.690076840166313
-2.679722528420928
-1.195725804063492
-0.206629363826140
-2.705866749690603
-3.602564874257607
-3.792341291595417
-3.578765779698620
-3.285319416218602
-2.317348693905146
-0.999023569902829
-0.131890155379653
-1.846531891487945
-2.230871929604260
-2.285989182624637
-2.184336928924492
-2.043843060420968
-1.463954400665131
-0.703292508908679
-0.180794630035350
-1.115270553426275
-1.682969537116778
-1.847605182879907
-1.834396683203180
-1.723163057341685
-1.167541362863129
-0.468706489645394
0.011438987084157
-3.748648843945168
-4.433568391343913
-4.595673983594814
-4.463476474303547
-4.192377902593445
-3.287824055621052
-1.663832897132187
-0.470944437707184
-1.434664916074019
-2.549144306144866
-2.940963373021610
-2.981672454651986
-2.809986870757069
-2.070629411598073
-1.019127452254539
-0.233234929654644
-2.386751754059851
-3.279067606761768
-3.588036597633891
-3.582158846335980
-3.374462528964237
-2.592206609252171
-1.380101878987317
-0.396285989676941
-1.884050152585913
-3.050809199980303
-3.460974245522756
-3.461559083911648
-3.247391642708251
-2.384926393123148
-1.246544243967169
-0.352330113763168
-1.934924127012110
nan
nan
-2.929212011996638
-1.477073794071387
-1.952299537464732
-0.922938417426219
-0.160893621370980
-1.512284830078255
-1.759416385786999
-1.793309715659216
-1.702421876857807
-1.550766129250554
-1.068377245109120
-0.503844609100717
-0.099685138477713
-4.299839069845381
-4.922649909979234
-5.091499278675720
-4.972618075155825
-4.690353796517710
-3.488585457274945
-1.932709647717372
-0.621485729340820
-4.066225815054437
-4.514277281196550
-4.613029941304051
-4.492812457347401
-4.240346698630731
-3.229603268597757
-1.750162887093359
-0.408884299663600
-3.422702408853337
-3.904457571653566
-4.004927472879540
-3.837640287816817
-3.542693236581135
-2.592811716205832
-1.431698932047676
-0.465418844484521
-3.789111753777400
-4.444884135672273
-4.664761532230465
-4.619533319065182
-4.385066714733796
-3.248029631132445
-1.819930278942184
-0.606185867676562
-2.632334178291566
-3.305211514253781
-3.529610364165395
-3.478853169178093
-3.219748427982057
-2.284596991143366
-1.090007794085593
-0.226780560323561
-3.882606641486452
-5.253267710335201
-5.729721112321407
-5.701423280225011
-5.394357837925530
-3.935555788157483
-2.140260132015803
-0.735455168965877
-2.729467865183057
-3.724173922181444
-4.083623502065722
-3.873536563653645
-3.446627632766507
-2.235446783970841
-1.048378972566658
-0.272960579169944
-3.008758190383165
-3.199638082303456
-3.190943003850188
-3.068233681660294
-2.874146528477367
-2.146675972275656
-1.202667998928127
-0.359245890457026
-5.153577551797412
-5.525006090242714
-5.502628617270906
-5.256678598254972
-4.899793082898273
-3.631084091561076
-1.960689207270956
-0.545443686737387
-3.068972259755134
-3.362246560278725
-3.384059149613633
-3.238644292781387
-3.030494286381467
-2.272600650622289
-1.031277156037241
-0.202744455615934
-3.448091548501885
-3.858260861052165
-3.880704347949528
-3.729491935462908
-3.505033911445254
-2.634245570715163
-1.383556567052591
-0.364832038350183
-2.476851441572931
-3.505257555636656
-3.810996757685686
-3.760927814590126
-3.454435601739520
-2.519029835494686
-1.153276828303278
-0.231345876570606
-2.704606962599975
-3.104842807708632
-3.175761176605255
-3.057735205078674
-2.849461140162205
-2.146308251996425
-1.019856178443298
-0.150351281898748
-4.601541192738000
-4.809182854079213
-4.763367229728804
-4.575064642764936
-4.309621119426463
-3.364837670432840
-2.075740033130094
-0.937338556689985
-3.382060721705145
-3.854266891801058
-4.008114842074735
-3.964648297669914
-3.784855297508441
-2.950773158489495
-1.711348004142947
-0.524577192704299
