-5.56849717024616
-5.71575608778339
-5.597766009784005
-5.32416185738723
-4.967968672705292
-3.8087782623582096
-2.3043325257022427
-0.9115434187352809
-6.0044258527623455
-6.205830764896798
-6.103067443777374
-5.820376270794557
-5.43909069549525
-4.165319651782961
-2.492860827657343
-0.9435645755083907
-7.792701942229207
-7.964802560567725
-7.7961585755619245
-7.424584580546729
-6.941631879571527
-5.321771424594339
-3.156667270016217
-1.1251460390738086
-8.612181005558835
-8.838696317828251
-8.7079410752393
-8.363228418713929
-7.894075770163087
-6.25828888576878
-3.965151936392724
-1.4192689827676612
-6.179539330067734
-6.432804095999802
-6.365593615028688
-6.105763975456809
-5.736474740696784
-4.447885448459434
-2.705217277873327
-1.0610190745865813
-8.3549700865172
-8.664750823028683
-8.562000365832562
-8.207469076003346
-7.7163969105812615
-6.009346652855556
-3.64504622954458
-1.3847751895270068
-8.903636345701532
-9.190006980471374
-9.094887848454054
-8.768507428116038
-8.30468364877592
-6.63499289234828
-3.9289986956013716
-1.2027614350013587
-5.635084409275953
-5.832173628263636
-5.748106937792314
-5.497149710697345
-5.152913772768622
-3.9918407726831897
-2.441862167233537
-0.995268618822905
-3.25742883741607
-3.4106441331446056
-3.354173405977867
-3.1817381370831384
-2.9507698326908516
-2.185478116808311
-1.2406486714054004
-0.45397653161458584
-4.224028829070278
-4.514466977162428
-4.496489095308826
-4.298384315751773
-4.00114641739171
-2.9731761083035715
-1.412802251521277
-0.4026797416591623
-5.506499092787899
-5.8282410293495905
-5.8281850555466175
-5.629951699392628
-5.309067818630505
-3.522179214320222
-1.6250293721160871
-0.5776481388628296
-8.157455479184465
-8.423151323891314
-8.300818318850077
-7.946064200566555
-7.463324287900828
-5.801221997833903
-3.533771313597367
-1.4127084389102122
-6.214527976899916
-6.53440426642976
-6.533816039500224
-6.334571703594058
-6.017826558475109
-4.831561331047591
-3.12544838350468
-1.387559635216813
-7.8203142207468455
-8.187424618770747
-8.173287656753132
-7.918143438630203
-7.516277513390252
-5.981335655093015
-3.807358899737336
-1.605798103800336
-8.739861830546268
-9.102205795699271
-9.091439247255035
-8.83640402745554
-8.427857390415939
-6.882523041821432
-4.599610912306139
-1.8401639929001472
-5.472032847220262
-5.709754968222319
-5.670995180560725
-5.465246964890135
-5.171046272834782
-4.1252230189441645
-2.662222243700896
-1.2147619171293649
-18.032748535056164
-18.760777699790275
-18.656626077773687
-18.03771934760855
-17.114455315769042
-13.657495057101256
-8.638289333293365
-3.495767423292899
-7.502314810637468
-7.707005485395375
-7.566821857313972
-7.216260816906245
-6.747789831428472
-5.167311339252028
-3.0655979556172177
-1.118956039285881
-8.002128113665094
-8.3153925291394
-8.23951313684459
-7.923162443842108
-7.376825874556605
-5.8391099872532655
-3.4473829025732265
-1.247949424864696
-21.06885444620478
-21.858043650072805
-21.68948356302836
-20.903697842450722
-19.763682412865236
-15.656225052197707
-9.764156442932904
-3.8263551031956786
-17.13046934545427
-17.819730753154026
-17.70862896692637
-17.10271311636235
-16.205642565205622
-12.960899826243034
-8.298226581180083
-3.099466561621769
-20.8787854214339
-21.65695418676885
-21.543749555118932
-20.857553152431734
-19.831904187393214
-15.997176670790516
-10.306863437457862
-4.353708835015805
-20.10905470685248
-20.865589911143214
-20.814817844161144
-20.23585061865738
-19.330936957973353
-15.861304845301989
-10.57106047691347
-4.807181037662212
0.7349571150690063
-1.2155418480909828
-2.509710636612037
-2.746333299101202
-2.333407590480524
-1.612111973872883
-0.49122816416124465
0.02231767131229549
-0.722140494750559
-2.505912199117687
-3.425071067082852
-3.7543626898990343
-3.5232208165052157
-2.4487985261874976
-1.0807046594291707
-0.2593914500377071
-7.569200430224794
-9.491727175639292
-9.955820909335646
-9.648079451600646
-8.867916023399527
-6.424649240055768
-3.4154005258528373
-1.0948849195379284
-0.005314875715394749
-1.8922477419096528
-3.019101734989446
-3.332830318834774
-2.926975632657415
-1.972022835563963
-0.6656841375020955
-0.003338787126079751
-2.836666419902782
-4.328412001956008
-5.1104453441836455
-5.413030936950191
-5.069480552666265
-3.2540589258766848
-1.348150815024189
-0.21997083265261336
-3.117561473896834
-5.409068845148606
-6.201934310530897
-6.355996555138749
-5.917391860452342
-3.8662587770155
-1.7754447853808646
-0.4649876830092334
-0.06352374007462995
-0.8366532316430355
-1.3262629245645765
-1.3668795113748122
-1.1073783099894334
-0.7389731099193312
-0.16687397037575957
0.05688601265061143
-2.234560553026419
-2.957748297536751
-3.2918541066816305
-3.179948544179595
-2.882171239069714
-2.0809567664538715
-0.9964569325997145
-0.23151109967984013
-2.4517380921149385
-3.2879058200390583
-3.5422438773643563
-3.4253486770606694
-3.1471246151644237
-2.1835581275081735
-0.9559787743019378
-0.11219973872774057
-0.6890451680826932
-1.4374321680008224
-1.796888273999017
-1.8258606782562758
-1.650532592877424
-1.1477518625427459
-0.47906766723614574
-0.0929155714044858
-2.970651388586947
-3.770721786779585
-4.001583665636667
-3.8946361772677554
-3.634929717690443
-2.6298675659168516
-1.4131964526653356
-0.5327026812491741
-2.1005998061938875
-2.675031082920476
-2.8084279501613096
-2.6854398257144543
-2.462238137448104
-1.6948064903683657
-0.8313782654632144
-0.24897806370126743
-0.8773882293656667
-1.769801157745623
-1.7811009633130712
-1.6715885318872756
NaN
-0.9809848824703709
0.14369654896827672
0.03956004989420109
-1.7169194682836588
-2.321074591338231
-2.492660150282603
-2.4201288950132356
-2.2223758970195413
-1.5506187901420638
-0.7357591343046647
-0.14605234324366556
-2.3027171920635325
-2.8965927136803233
-3.0858068829778973
-2.977307062803291
-2.7382078105317516
-1.9137335245955471
-0.9540075802988333
-0.29999021561316197
-1.8404862187882762
-2.9762892431968746
-3.437249950010911
-3.4221878514705035
-3.1276217609220835
-2.230780815312963
-1.0255151173967607
-0.19067532401461726
-9.498887680804305
-10.331153808768233
-10.65055363074518
-10.544333299798753
-10.282052986538249
-9.605474477019218
-8.70215217920169
-8.072642429484688
-3.6049711830350044
-4.491557188348868
-4.760654508334971
-4.557038882026851
-4.021424872706297
-2.6993236506318006
-1.130491223479755
-0.2402161555249284
-2.5712573467724664
-3.604158370612442
-3.88026597015672
-3.7389362596588156
-3.4234204673975253
-2.390540653365734
-1.0797827231791353
-0.19713716069262566
-2.600059821645346
-3.4269475072480984
-3.6055907853859255
-3.3813435416732567
-3.068790031124729
-2.112219892381436
-0.9407581670307491
-0.14564433685141887
-1.6008141762987311
-1.93774452896072
-1.9895549977836877
-1.890274979132804
-1.7444196109749628
-1.1859916962507357
-0.5755060741682955
-0.1525687732158791
-1.0801580363129923
-1.5844209429257556
-1.727043008239177
-1.6981366806371543
-1.5727793959754481
-1.0290072049518988
-0.4249487810388835
0.014189861016201746
-3.580014271594077
-4.181649506739463
-4.318936176774772
-4.173125173483493
-3.882393727693916
-2.9377832202092526
-1.5003053067885133
-0.4635486166821573
-1.463328334919325
-2.412218830320259
-2.748414369938183
-2.787082290283494
-2.6192265193186683
-1.8773572043596458
-0.9295763958814118
-0.2251581358212252
-2.431903034636246
-3.1765113008554025
-3.4237453287991495
-3.4126408668006785
-3.196526892676071
-2.374245123184468
-1.2476247517102144
-0.37488868579368173
-1.9169726632618882
-2.905060194587208
-3.249680921053192
-3.244379850496811
-3.0349902628642877
-2.173319063161834
-1.1416684137940638
-0.3379580868735266
-2.0696673147824356
NaN
NaN
-2.7611484728218763
-1.3118210559487933
-1.7805042022515116
-0.8226591534153631
-0.14267979613728057
-1.5405835407001187
-1.7189893067320188
-1.713790143654587
-1.612474925046092
-1.4642562324774864
-0.9917954820121531
-0.4619505395011319
-0.09329270429341463
-4.495947178513881
-4.980012013678136
-5.027434939602444
-4.818235424404899
-4.485472735558951
-3.291634980498406
-1.8105354024440157
-0.6013222336525816
-4.051399785380316
-4.448055817134705
-4.495669819561979
-4.329940927588236
-4.049474838768701
-3.0435142823512407
-1.6554754185372424
-0.4043609637773056
-3.3361366637908008
-3.721065807345985
-3.7561131890075923
-3.561458830467051
-3.271442305661185
-2.390854596156671
-1.3278186448812532
-0.4491209297285897
-3.81406929276976
-4.347135803720421
-4.4662912914374
-4.355455380800616
-4.094308788067303
-2.9932031835566106
-1.670084518334312
-0.5831028863782232
-2.534274790125106
-3.090191790345227
-3.2501442109494403
-3.18122803500047
-2.932153648669765
-2.054751551366312
-0.9863561085008574
-0.2152652054277968
-3.9170895160571404
-5.083054764575036
-5.436431312351689
-5.357093843454454
-5.045074343089046
-3.6407653003925984
-1.997243677327734
-0.7165711013904577
-3.06630911156891
-3.9025122937332846
-4.097310540113922
-3.797330176434118
-3.3589986991733114
-2.138205479305282
-0.9877203758113666
-0.26412217766027024
-3.0906414632850163
-3.240489106457708
-3.1902276435923
-3.0301588828120902
-2.811766737296307
-2.0821375501488104
-1.158933382648334
-0.3471581218320173
-5.380301385314263
-5.655097930315635
-5.561334531530306
-5.256273039191182
-4.848873614086605
-3.5123823555659865
-1.8766117236683864
-0.5323187712401909
-2.818808894300944
-3.082968283258025
-3.088711873104187
-2.9329667748435093
-2.717654882751167
-1.9804959013738639
-0.9011014807202586
-0.19281832998053203
-3.2375196083696696
-3.5995935563876653
-3.6034211730629617
-3.437129907528164
-3.1977879975385726
-2.332812460953646
-1.240764195814056
-0.34889098795293644
-2.598293195570874
-3.4505096544319054
-3.6836848452227393
-3.6184979552728267
-3.3092270071106658
-2.3562270807693784
-1.076367819235154
-0.22194591724528015
-2.580857544236647
-2.9173387259482526
-2.969425110506923
-2.849400397291353
-2.6374936200597454
-1.9235344621418997
-0.9061412565297137
-0.13856390184588988
-4.633034677187257
-4.815852772746546
-4.747053752758749
-4.533010683857921
-4.241001629736727
-3.26351837300367
-2.011915528003243
-0.9255334181262488
-3.4738527382112605
-3.8594087632981666
-3.950881754235711
-3.8600062146051926
-3.644813486467319
-2.7705219512689414
-1.5725691804542017
-0.5029755719053314
