-0.37770394219
-0.35941205484000005
-0.34051775885
-0.32114028092999997
-0.30152434958999996
-0.24298403497999996
-0.1556849829
-0.05114825858999998
-0.6721750906200001
-0.63809507683
-0.6033938291299998
-0.5682721503999999
-0.5331190962200003
-0.4299440664400001
-0.2790156017599999
-0.09754627404999994
-0.7272954811800001
-0.6846123190000003
-0.6419417070000003
-0.5995409238700001
-0.5578492259100001
-0.4395135786900002
-0.2758717816700002
-0.0921936222800003
-0.9883015746399991
-0.9455493864699993
-0.9022575405599995
-0.8585138881699992
-0.8146761094299994
-0.6838969587399999
-0.4806091430999994
-0.16543019766999942
-0.9399080805600005
-0.8838589766800002
-0.8285126828800001
-0.7740511767700003
-0.7209576402800005
-0.5719995538600001
-0.3680654039500002
-0.1338413946100002
-1.3473622244399996
-1.2613746661699998
-1.1759079403700001
-1.0916334816700002
-1.0095992300999996
-0.7822778197599999
-0.48395376606999996
-0.16689856872999995
-1.480657686219999
-1.4013342735299998
-1.3229332990699996
-1.2456806660799988
-1.1701599579299988
-0.956242139829999
-0.6115012454100004
-0.1663087102700002
-0.54058017823
-0.5088721484600001
-0.47733982121000007
-0.4461212484600001
-0.4155113594400001
-0.32885236654000016
-0.20886637065
-0.07176820433000008
-1.17499805232
-1.0765293400399998
-0.9810852211400001
-0.8894563569599999
-0.8027095127999997
-0.5763230908699998
-0.3150973692599999
-0.0925513024099998
-1.4723871175999996
-1.3651207291399998
-1.25951096444
-1.1561790574099997
-1.0562670744300002
-0.78355166303
-0.3756080621300001
-0.09267680421000014
-2.1514397068600006
-2.0038621402400008
-1.859911575640001
-1.719895492470001
-1.5848555556700006
-1.03819481523
-0.46140109261000084
-0.11803444290000005
-0.83368335704
-0.79404361351
-0.7532743537799999
-0.71163913163
-0.66962112899
-0.5443703325899998
-0.35635608600999985
-0.12439738416000005
-1.6652457336600006
-1.5482592307899996
-1.4354582129500002
-1.32696190685
-1.2234417471199999
-0.9443257439199997
-0.5874676507100006
-0.21005863775000067
-2.04764344317
-1.9011514671200003
-1.7595666114499997
-1.6232089057499994
-1.4930321636999997
-1.14232365869
-0.6970558224700004
-0.24021672028999969
-2.522906209589999
-2.3596597432400004
-2.2015965012299996
-2.0488168850000004
-1.902224507509999
-1.5017545388
-0.9730970315700002
-0.3166096659499997
-0.8376366637399998
-0.7763353095300002
-0.7174435898799995
-0.6609552296999996
-0.60719025858
-0.4629698651099998
-0.28072870133000005
-0.09438362868999968
-2.3685954714000017
-2.2319177361100007
-2.0979571147900016
-1.9673913171600006
-1.8412871085200007
-1.492398379610001
-1.0157111677600006
-0.4300695682400018
-0.9228586610300002
-0.86572396658
-0.80924815658
-0.7537826360699996
-0.6998545126099999
-0.5493966796799996
-0.3461151391299997
-0.12001109625000028
-1.4290387958800006
-1.3347367433600001
-1.2428066748600006
-1.1537380474000007
-1.0668594263500006
-0.8351329028299997
-0.5274401397700005
-0.1924130846700003
-1.6627168723899997
-1.5900262298300003
-1.5155220862599998
-1.4404406344099994
-1.3658235392199995
-1.14910075589
-0.8237498895699998
-0.36807167903999993
-1.8297660432799998
-1.7270804705200002
-1.6256436406699994
-1.5259387356600005
-1.4288254428200002
-1.15594060399
-0.7754065962100002
-0.2613072977799999
-1.9789939585700003
-1.8796090831500005
-1.7802806835400016
-1.6820127741400017
-1.585872120250001
-1.3132320099300006
-0.9233543931400006
-0.4070588132100013
-2.113682490329998
-2.0003418147499987
-1.8882498820799993
-1.77813460276
-1.6710125413699994
-1.37034787911
-0.9489693105199998
-0.40891623984999903
-5.9457168009900006
-5.177677160440002
-4.45245245896
-3.786539908160001
-3.1923641862400007
-1.8185399072700008
-0.6751934089100005
-0.12932960489999937
-5.9159414989400005
-5.230456942430002
-4.564613417620001
-3.93849121251
-3.3664351828399997
-2.026170085190001
-0.7922614879500007
-0.15567870780999965
-7.275213844200001
-6.619379087940001
-5.97101168878
-5.34089225134
-4.74116934986
-3.1967755745100006
-1.563532799850001
-0.4029674545300006
-5.96310507538
-5.214649990720001
-4.502992033820001
-3.8450551224100007
-3.2541110718399997
-1.910884131710001
-0.7206438857799994
-0.13773195041000064
-6.7070107197899995
-6.0143788357700005
-5.334315957019999
-4.681819548639999
-4.07192472627
-2.5744435237600007
-1.1474190317700013
-0.2628133193800002
-6.69433503799
-5.94077830516
-5.20307244967
-4.50165543965
-3.854919563890001
-2.3234210984900012
-0.9722436193300008
-0.20912992443000006
-3.275904459410001
-2.8666430896099997
-2.4711931929
-2.1019543471199995
-1.7689164955499994
-1.0152342609200005
-0.39876941931999954
-0.07863315279000015
-3.397729056670001
-3.0518209955100004
-2.7124892286699995
-2.3866238049700006
-2.081353226650001
-1.3263594982100009
-0.5963594532400004
-0.13583687322999977
-2.9537225135400007
-2.66294111803
-2.3748078104999997
-2.09584240946
-1.8327090604900005
-1.17507962849
-0.5302702053599999
-0.12174929617999962
-3.1676842572700004
-2.813637404380001
-2.4672838118300002
-2.13789178755
-1.83399545394
-1.1116761191299998
-0.46726830176000056
-0.09912759672999993
-5.16400373933
-4.619972261600001
-4.1135097477
-3.645093104470001
-3.2166613347200013
-2.1668262275400005
-1.0894999510700012
-0.30321234879999975
-3.802240183339999
-3.3162846635600007
-2.8902688034599984
-2.51574005681
-2.1873394967499995
-1.4295721785299997
-0.70551464379
-0.2007275789199988
-2.785192421409999
-2.4209924729
-2.10260068139
-1.8242565142599994
-1.5819439139100004
-1.0302442761999993
-0.5111374559500005
-0.1513677209800002
-3.71794062428
-3.23752600897
-2.819284985379999
-2.4530770080699997
-2.1328403401
-1.3964083278799997
-0.6911258624199994
-0.18859155485999904
-4.090429966679998
-3.664238404060001
-3.2266136274599995
-2.8207157059
-2.4611279485399997
-1.619939583859999
-0.8023330073999997
-0.22447879456999925
-4.9397006472800005
-4.3852587952399995
-3.8489707785700005
-3.3414289491900013
-2.88565661231
-1.8160737969
-0.8157052241900009
-0.1787647639200008
-4.031958678060001
-3.5294682961300015
-3.073137476240002
-2.6617551260200005
-2.2950890671399997
-1.4413505224600016
-0.6571713504300007
-0.1660012308600015
-5.77291337257
-5.205036552839999
-4.6585640651
-4.13688445795
-3.553608567360001
-2.17755663144
-0.9487183069200001
-0.2246042963699996
-5.217241602889998
-4.646082911089999
-4.111646045970002
-3.6161523893900007
-3.1630971664800014
-2.0619882989099994
-0.9779351259600008
-0.2490959726400011
-4.2831756311200015
-3.802309209330002
-3.355052169579999
-2.9420382959600024
-2.5655077955999994
-1.657552473320001
-0.7799183859200012
-0.20059580203000069
-2.55041620415
-2.277562740769999
-2.0220787265099993
-1.7848363988799996
-1.5673919801999998
-1.035954608099999
-0.5027225602599993
-0.13282483002999929
-2.374123825690001
-2.1016531428
-1.8414816363100006
-1.5980520699399996
-1.3755499287200017
-0.8480721384100002
-0.3692074703300008
-0.08448781176000116
-4.55700173345
-4.1618844165099995
-3.7802334427099993
-3.4144647217
-3.0684186085599996
-2.1677486657700005
-1.0517176341800003
-0.265430031910001
-3.43975960949
-3.0426593641100004
-2.6759493796
-2.33976770794
-2.035312891319999
-1.3072894996999989
-0.6084076260399998
-0.15466214323000024
-3.2137559680499996
-2.9000014680499997
-2.6019597934099994
-2.3206663339799993
-2.0583487467099992
-1.3954670643799987
-0.694865816059999
-0.18715455924999994
-3.43620790855
-3.0456149315000003
-2.683655190120001
-2.35076794071
-2.048352528340001
-1.3209001699100007
-0.6156177044500004
-0.15442368981000057
-2.0711687555799996
-1.8535549094699997
-1.64730525135
-1.4536434237699993
-1.2742637010299989
-0.8280734265799993
-0.37730233642999955
-0.08553575178999928
-0.7287889526000001
-0.6573784284000002
-0.5886285423600001
-0.5231354280300001
-0.4616646463900002
-0.3052203776000002
-0.14164133148000013
-0.032944222500000155
-2.6022609977300006
-2.3737096697499993
-2.1541128952000004
-1.9447758928000005
-1.7476188400900001
-1.2363056816199995
-0.6527976127
-0.18065984109999988
-2.3138453111500006
-2.1234402552800002
-1.9376975912799996
-1.7579350880499993
-1.5861795996599992
-1.13073356746
-0.6006327895300002
-0.1575486846299994
-1.6268672832199993
-1.4831049713199997
-1.34155776619
-1.2043968489700003
-1.0738812520600003
-0.7341102289199999
-0.3597948353300002
-0.08791401089999938
-2.75296355917
-2.5152568748799995
-2.28255143732
-2.05769613735
-1.8440355979399996
-1.2870586095400003
-0.6606728506499996
-0.17402707096999953
-2.97253523336
-2.6817350125800004
-2.40175932205
-2.1168514107799994
-1.84675271191
-1.1919345202299994
-0.5463030603099998
-0.12336199431000025
-4.3938431183599995
-3.916340144809999
-3.4705263757600004
-3.05802078443
-2.6812518306499995
-1.7649380884900006
-0.8492330300599993
-0.21955284892000076
-1.8602316052300003
-1.6816237185600018
-1.4485041250600015
-1.2507132882600005
-1.0808026763300005
-0.6953113474500018
-0.3335586840400002
-0.09217479701000014
-0.40368908988000013
-0.37442207012000006
-0.34576373409000016
-0.3178144832300001
-0.29081904605
-0.21703026274000006
-0.12357534737000003
-0.03573663755
-1.26133701563
-1.1779285193499998
-1.0939929155099999
-1.01020791383
-0.9276904803300001
-0.6955309755999997
-0.39258218057999994
-0.11122597024999993
-3.2274544895200012
-2.9521160905000015
-2.686648408050001
-2.4326264897600014
-2.1926105723499996
-1.5677998610500004
-0.7523519155500001
-0.18438724455999977
-3.634789406689999
-3.29648047952
-2.9734011957799984
-2.6674654579199997
-2.3815347069799997
-1.6544714041299993
-0.8636845623299995
-0.23903072827999938
-3.7324925579899997
-3.341021068340001
-2.9632355499800016
-2.6051224387700005
-2.27278739728
-1.4574147528600006
-0.6507142828200008
-0.14705045906000053
-2.30443267615
-2.1049161896000004
-1.9106896039199999
-1.72335934215
-1.5452471875899996
-1.07960413414
-0.5222820157899996
-0.10235299298999956
-0.9963211396599994
-0.9142994382699999
-0.8361306421399993
-0.7618335765399997
-0.6917972970499998
-0.50810031239
-0.28894279413999957
-0.0902169689299998
-2.5398238522300005
-2.3382428610700003
-2.14253535415
-1.9536676953300005
-1.7734282852599998
-1.2933713500799997
-0.7178891212700005
-0.2083267129100005
