-5.297199489916305
-5.491836780248470
-5.415792039330937
-5.178926907356169
-4.854344425806930
-3.763055132825384
-2.306547820737511
-0.918105343097946
-5.689281043827977
-5.950165400536792
-5.899989027898279
-5.663276694356949
-5.321443362887028
-4.131570774490309
-2.514964581192110
-0.961170470010762
-7.591799853057148
-7.803044169067848
-7.668720094523522
-7.326952337750048
-6.869448201528342
-5.302929588357276
-3.171396726011326
-1.133697480725868
-8.171960851752491
-8.468330152148308
-8.401660646696236
-8.115209879030587
-7.698076910853427
-6.182528155431823
-3.988732406846136
-1.449493581252662
-5.844315299897686
-6.159320425325240
-6.146746650987675
-5.934716505465041
-5.606433101335383
-4.405285180217688
-2.723708336586589
-1.080287428694547
-8.116656914794444
-8.481164405454424
-8.424652388190273
-8.109020193008503
-7.649881646842100
-6.003361911257181
-3.672517193043968
-1.400291039827743
-8.494329544273324
-8.848508048555129
-8.814614781427787
-8.543192101345136
-8.128002152010794
-6.569715327398446
-3.961578900164577
-1.229470288821428
-5.322049348350817
-5.571382770388830
-5.533731226365941
-5.323652696590617
-5.014810901792073
-3.930620994636885
-2.437931576358458
-1.002936151284372
-3.127767343019293
-3.331220381769366
-3.313363295412552
-3.169716947177769
-2.959563430058806
-2.224328579517863
-1.275834983569430
-0.463341287693215
-3.990826969131284
-4.351507094158618
-4.391859750662647
-4.241110188805862
-3.980856102123782
-3.014338753420898
-1.459295711085623
-0.414583775634596
-5.163028464824615
-5.572278727723794
-5.647131264283493
-5.512543071239318
-5.244185898085642
-3.580976493897319
-1.685682697783279
-0.598283207572051
-7.828611395761818
-8.156205544009861
-8.088950760913832
-7.782725113899809
-7.342007784693363
-5.770303939142080
-3.564273898572024
-1.437256214488555
-5.914828109728357
-6.295528846639570
-6.348156583186952
-6.195005230647081
-5.917366383618510
-4.811400659147855
-3.154287191104026
-1.407089221300989
-7.656869398807618
-8.068666406981785
-8.092239410082229
-7.868583279794951
-7.492518391102672
-6.006001025855161
-3.849279073720704
-1.623747371201467
-8.499642537477737
-8.919676981779885
-8.959552480442133
-8.748390556357124
-8.376918908085555
-6.907098678770863
-4.665287071012198
-1.871319312747388
-5.176588808814753
-5.464107534042764
-5.469293770416487
-5.301881962091908
-5.040786009331831
-4.066720354879244
-2.655583512258404
-1.219451668388770
-17.407750826059289
-18.220045287855335
-18.193991867209380
-17.647446776642763
-16.790300983608940
-13.492599748105341
-8.621964749353795
-3.530116512942283
-7.352014168689519
-7.593450954721567
-7.485347092756694
-7.162545419016769
-6.717619888957059
-5.184917547542765
-3.106833831021961
-1.139789087088829
-7.832561690422794
-8.185815936692114
-8.144370159514420
-7.857511448272757
-7.348955187842175
-5.849170399769664
-3.498026141943305
-1.279326255382535
-20.191285870752537
-21.079443723315286
-21.003192971199113
-20.303781856434743
-19.243903091204107
-15.348871144032302
-9.664904913168471
-3.841974304213445
-16.530364416491810
-17.304692889502849
-17.272017805627875
-16.738208073000351
-15.906354406702404
-12.814821441350507
-8.286102166038022
-3.121056887272702
-20.148434034151066
-21.015925630830690
-20.985790640574429
-20.376961391280663
-19.422663462578651
-15.764871897754725
-10.252876139870221
-4.384233947567074
-19.499910824497423
-20.337930143217704
-20.362438636755311
-19.853027018770895
-19.011653664460951
-15.696433318935632
-10.553907643847927
-4.845037337820719
0.460205876239625
-1.571996076486082
-2.844115453746400
-3.051993183968940
-2.621218295607514
-1.738699364386850
-0.519314400201151
0.014746210517075
-0.850306321469207
-2.770129695370784
-3.740119051392487
-4.066047037708755
-3.820485195770237
-2.630368506356089
-1.131506156554497
-0.269040404947503
-6.649598289820856
-8.898193395360288
-9.622207694771813
-9.503912584598840
-8.860542353343597
-6.561616821722639
-3.512050026748409
-1.114351503714766
-0.175790936025141
-2.191081081921416
-3.339532930752353
-3.632979796218165
-3.215277426367591
-2.125388545219366
-0.707647797863002
-0.014904217260258
-2.447575511138359
-4.198136176173385
-5.128178685713751
-5.492961025362434
-5.188564253343946
-3.394857324457726
-1.411000986889801
-0.229038714171136
-2.491451881653296
-5.131273058096604
-6.141849131473334
-6.401932723961420
-6.016570536439525
-3.996466957218695
-1.833435276606785
-0.472687657693150
-0.205941300182583
-1.038551303099265
-1.530423165982548
-1.553919361975245
-1.278661535121296
-0.809790575370532
-0.181913290324834
0.051517547638244
-2.134532167121320
-2.972634881796262
-3.373357987635321
-3.302884773644783
-3.023575623150347
-2.193274602391885
-1.044523557269790
-0.241013531237394
-2.251945187846203
-3.206485586000087
-3.542043011729571
-3.474861647189664
-3.223634967730377
-2.261799902936474
-0.989998986462352
-0.118342424291732
-0.761066446772138
-1.579720461260215
-1.967808422399429
-1.999962736555351
-1.820214101284671
-1.239812703911287
-0.502573526869423
-0.097751092986135
-2.781558767783170
-3.739242295795958
-4.079692660167458
-4.039473286591271
-3.819441397306732
-2.823367245174893
-1.521075854673884
-0.548827591743432
-2.022000162375307
-2.680545632032155
-2.867386185759140
-2.774895939977385
-2.567379654945355
-1.795231273730579
-0.882662317029079
-0.253621693039607
-0.910450360825444
-1.828664513980817
-1.851432799541843
-1.744316448456014
nan
-1.035960192941498
0.121294916911503
0.041133340461950
-1.654479875504187
-2.341664353902028
-2.565847403464458
-2.522464317752677
-2.337673647671407
-1.659527620648041
-0.795856926257961
-0.164160307721981
-2.209355587260423
-2.894606647696650
-3.158974432344751
-3.096154506354575
-2.878809108610314
-2.052331374663191
-1.028039774360501
-0.307781806601438
-1.817702120008029
-3.055708037254854
-3.580776632274643
-3.600232548826835
-3.315647930189230
-2.370073443358167
-1.076671721826696
-0.196167659291800
-9.565587745954996
-10.451523212654712
-10.799666523639853
-10.706711168165777
-10.442382100806626
-9.719243992257931
-8.755576601193937
-8.102631774863772
-3.194024449543947
-4.289191559906829
-4.710900825776006
-4.615273787996196
-4.159687256506959
-2.855174860632966
-1.200230377504468
-0.252541561831094
-2.193573359380626
-3.417877178413465
-3.832496345519001
-3.784418300202251
-3.523027669276314
-2.521056877770927
-1.149083060093493
-0.208693868436141
-2.297327015240605
-3.272338263007610
-3.556203379805416
-3.400936004188623
-3.128699444908603
-2.185251774315147
-0.963763839192829
-0.131250096199654
-1.652964190257945
-2.064506743524259
-2.159521018764635
-2.082134538094491
-1.945349247780968
-1.357723402055130
-0.671339750628678
-0.183718821975349
-1.090822802786276
-1.662845323486778
-1.841982702239908
-1.826929326103181
-1.699901298711687
-1.116123275403129
-0.456181410005395
0.010999730784157
-3.235616310815168
-3.995058827053914
-4.251046040794813
-4.192154132883547
-3.960745505423445
-3.077621090801053
-1.586084532032187
-0.470756185007185
-1.577391838124020
-2.585828482284867
-2.954279114001610
-3.004990689091986
-2.836618352717068
-2.041908324668072
-1.002103133084539
-0.239051938084644
-2.436343790329852
-3.266197397171769
-3.580029582793890
-3.597608117915979
-3.399939394364236
-2.559500840172170
-1.347672213867316
-0.398545022076941
-2.042301647295913
-3.092080466910303
-3.470217453092758
-3.478708904881648
-3.270157669228253
-2.354561232613150
-1.223558589297169
-0.353773384463169
-2.108147986462110
nan
nan
-2.928640978806637
-1.491073519861386
-1.932809107924731
-0.897907083416218
-0.157517622950979
-1.578819609348255
-1.777921626196999
-1.785974135449216
-1.691522045527807
-1.545055797350554
-1.059297189879120
-0.495247735800717
-0.099885941357713
-4.220779210935381
-4.814184979329234
-4.945346157485719
-4.798547078555826
-4.511394504807710
-3.380459381484944
-1.882678355147372
-0.619446325090820
-3.927144720294439
-4.390250127346550
-4.488494505164050
-4.359849575337400
-4.104440799410729
-3.121188538667757
-1.701643891213359
-0.407742233283599
-3.275131117323336
-3.729828092043566
-3.814058060349540
-3.653529147216816
-3.384560968581135
-2.511555575795832
-1.399275542017676
-0.465149015614520
-3.696660852807400
-4.328305513652273
-4.520045406650465
-4.457799149405181
-4.226959547093795
-3.150746910862445
-1.770313142312184
-0.605947414256562
-2.563032084331567
-3.191939864663781
-3.399025741265395
-3.356990921378093
-3.118330423402057
-2.210563479323365
-1.059981488435593
-0.228142254853561
-3.924881922816452
-5.197099379745200
-5.618313164461407
-5.573838150345011
-5.274635395815530
-3.843299414977484
-2.097696196545802
-0.737105517635878
-2.869653375783058
-3.772768219141447
-4.044353988845723
-3.805778141833645
-3.392159851566507
-2.202602962910843
-1.027897078806658
-0.273619463619944
-2.941181746173165
-3.125460243413456
-3.104566390000188
-2.969150010560294
-2.770877372347367
-2.079626635625656
-1.175189379818127
-0.357990872457026
-5.096662485497412
-5.450345069422714
-5.422112937480906
-5.170189032784972
-4.805076874438273
-3.540634944301076
-1.919530891960956
-0.542086513587387
-2.641506853865135
-3.003800869298726
-3.083858844013633
-2.982488843891388
-2.805513484611466
-2.102250782392289
-0.975698683907241
-0.203779845465933
-3.011564912651884
-3.493458503902165
-3.585241735299525
-3.482366341082908
-3.284226044525253
-2.450253656825162
-1.315747944512590
-0.364769287450181
-2.431018184212930
-3.418228332426656
-3.741462485395687
-3.726916826790125
-3.441433615259519
-2.478204099954687
-1.129349910133279
-0.231615705440607
-2.489842007349975
-2.904479184008633
-3.014980820625255
-2.935138771748674
-2.748570243142205
-2.049012981546425
-0.980454888333298
-0.151782002418748
-4.646458286958000
-4.845139119779213
-4.789026072738803
-4.584659255374936
-4.299292321286463
-3.327205955702840
-2.058263907480093
-0.937997441139985
-3.320564839705145
-3.784105110511058
-3.937369477414735
-3.893557803059915
-3.712528610168441
-2.882098573529495
-1.657137501632947
-0.522048331434299
