-0.46448843688999997
-0.46002057281
-0.44536196257
-0.42742148026
-0.41155805274
-0.35351347023999996
-0.20611160614
-0.0572288208
-0.80602276032
-0.78278610205
-0.75089609467
-0.7146135242899999
-0.67908396471
-0.57284669101
-0.34965428989
-0.10777467075000002
-0.8422488548899997
-0.8047112665099998
-0.75352535738
-0.6955435257800001
-0.63933754465
-0.51527274026
-0.32235764839000003
-0.09919662271999993
-1.17103219544
-1.1364815499
-1.09743793992
-1.0550685322400002
-1.0121406415500005
-0.8828486871900002
-0.5945585024100001
-0.18531595788000024
-1.0796857103100002
-1.03331279521
-0.97990550422
-0.9233292927799999
-0.86896818811
-0.7210643168100002
-0.44401281822000005
-0.14455297324
-1.4996461085600001
-1.4177059833400003
-1.3242071423400004
-1.224270059
-1.1261841272100002
-0.8849320170699998
-0.5525342246800001
-0.17675673511999998
-1.64330801902
-1.5781725848200003
-1.5102008099400002
-1.43955584672
-1.3688481326000004
-1.1668404353200004
-0.72626009133
-0.17536994022999972
-0.6413016478199999
-0.6183034429699998
-0.5872040969300001
-0.5548434578000001
-0.5267938055
-0.44696211052
-0.26404951211000005
-0.07868962860000006
-1.3540451952900001
-1.2543591155500002
-1.16244787232
-1.0724756319000002
-0.9774833194800002
-0.6881953953900002
-0.35777425635000004
-0.09418282580999991
-1.5959436397000002
-1.49239837961
-1.3813606620599999
-1.2722117465999998
-1.1690241666399996
-0.8772011061899998
-0.41645889802999986
-0.09282113128000004
-2.393319326
-2.2545268853800002
-2.1112477554099995
-1.96411572018
-1.81105999999
-1.16283065281
-0.5087717470199998
-0.11972871719999978
-1.00068232721
-0.96217837497
-0.90953036987
-0.85011154266
-0.7912825739099999
-0.6481854215499999
-0.42318579450999994
-0.13610042700999997
-1.88159201159
-1.75795391332
-1.6362736431299998
-1.5227196144899997
-1.42002776664
-1.13116654867
-0.6823909371399999
-0.2207639412899999
-2.1619693078800006
-2.0225117077200006
-1.87767635543
-1.73463567888
-1.6006562322899998
-1.26188294846
-0.7695958628699999
-0.24907714737000028
-2.7182999620099997
-2.55830399228
-2.40083060873
-2.2504418017899996
-2.1111536290600004
-1.7281848863599998
-1.1099630195599997
-0.33017013543999996
-1.00107765788
-0.9308656758700001
-0.8657804423899997
-0.8104404236800001
-0.76254266171
-0.5981729542499997
-0.33629462328
-0.09910877145999997
-2.35808469565
-2.275121730760001
-2.1818613431800005
-2.0784980607000003
-1.9721917610100004
-1.70025446077
-1.21104216928
-0.47528786678
-1.0107350213899997
-0.9529728179399999
-0.8846245376599998
-0.8145380574500002
-0.7505823401700001
-0.6131390439
-0.39309046286999993
-0.12806203671999983
-1.5078162757400002
-1.4209062792400002
-1.3221175373700003
-1.21969551839
-1.12502323556
-0.8967166360900001
-0.5869279929700002
-0.2032627152799998
-1.6139280476400002
-1.58494340693
-1.55651097414
-1.5221925069300002
-1.4787249584999997
-1.3255186361500002
-1.06307554708
-0.4357045990600002
-1.85257599543
-1.79943225822
-1.7322574197699998
-1.6551365636700002
-1.5773128974899997
-1.3836322446399998
-0.9402532105099998
-0.2867402375499996
-1.9483589691899994
-1.8983088513499995
-1.8438536203299996
-1.7806320885799993
-1.7094662928899997
-1.5012713568699996
-1.14668484624
-0.4679836620199998
-2.11267220084
-2.04871648356
-1.9762391940600004
-1.89528425797
-1.8105517177000003
-1.5796221306100002
-1.1470488014600002
-0.46153914459
-5.3482654820899995
-4.71526577834
-4.0736692012899995
-3.487902099969999
-2.979789237399999
-1.79964561128
-0.6786258831399999
-0.1279992858200002
-5.33844496624
-4.785584436880001
-4.20375181699
-3.6482118241999997
-3.14929824357
-1.9922594988300004
-0.7991452616800001
-0.15313102127000008
-7.304631466120003
-6.7180925287300015
-6.05691139579
-5.394757623900002
-4.78134247604
-3.2895904307000006
-1.6225437462099999
-0.39968558246000047
-5.381435607829999
-4.76633246076
-4.13482622843
-3.5529747832700003
-3.04397085792
-1.8869321131799994
-0.7263165671400003
-0.13657105876000017
-6.453164504020001
-5.7983023867100005
-5.129283666360002
-4.50084595304
-3.9368973396499998
-2.5854186561700008
-1.1685409847100003
-0.2575108683299996
-6.440645699470001
-5.7274189700700004
-5.009216094300002
-4.34739490218
-3.758741259460001
-2.359615817609999
-0.9909810380700006
-0.20687089202999986
-3.06831193203
-2.69086526853
-2.3132491775999995
-1.9708990924699998
-1.6756310076099998
-1.01417377071
-0.40178773761
-0.07708948064999996
-3.4014439099500002
-3.0645468780300003
-2.71031804753
-2.37264290445
-2.07042829496
-1.3577537734800007
-0.61291314066
-0.13364059173000034
-2.81332364988
-2.5274305494799996
-2.23856933151
-1.97505320205
-1.74099234505
-1.16992150451
-0.54324081639
-0.12174302108999999
-2.98753897355
-2.6652817266
-2.3349107882799998
-2.0257120036200003
-1.75164744787
-1.1125734569999999
-0.4751309895300001
-0.09806710651999997
-5.56040744972
-4.99044730011
-4.4502373521899985
-3.9471884872499996
-3.49293472215
-2.3977746398999997
-1.1698273781600004
-0.30296134520000073
-4.0999053525799996
-3.6532946471
-3.207700506200001
-2.782971039549999
-2.40700529729
-1.5742506535699994
-0.7463905800499999
-0.19840579561999952
-3.04662522099
-2.69748548848
-2.3619689763600005
-2.0433450065199987
-1.7584559205199988
-1.127884676599999
-0.53220920817
-0.14546286129000044
-4.00371449797
-3.523274782299998
-3.1028876779299988
-2.7222407185299993
-2.37479526032
-1.5525953179799996
-0.7477397244000007
-0.19651071843999934
-4.325262659750001
-3.9201177489900014
-3.4922319120699994
-3.0726856697599993
-2.6872006159699997
-1.7837319830399996
-0.8564682088299999
-0.22391403646999988
-4.972851947750001
-4.46262437985
-3.9008783230499997
-3.3676337250299997
-2.9170446124900002
-1.9068053232099995
-0.8456750540299998
-0.17715834088
-4.1656118199700005
-3.6767007328000014
-3.1798893073199994
-2.736416146839999
-2.3631612434599996
-1.5209061134800006
-0.6715350314400004
-0.15825149471000013
-6.296764160860001
-5.638275041530001
-4.970448588280001
-4.369276141010001
-3.757856471770001
-2.3613038168200013
-0.9853773827000001
-0.22221348708000074
-5.54804552242
-4.956361011230001
-4.35412807375
-3.80441136448
-3.3301463373700004
-2.2206539495600004
-1.0245778699299997
-0.24703146802999976
-4.6917153655699995
-4.132535820579999
-3.5911900813699997
-3.119868071469999
-2.722127766909999
-1.7896493929100004
-0.8151781166300007
-0.2012358612099996
-2.7439839053800004
-2.4439279268500003
-2.148546890370001
-1.8870387897100005
-1.66588579284
-1.1421856067100002
-0.5346753185400005
-0.1299006380899998
-2.3985715763299997
-2.12177735643
-1.8471041169500004
-1.6055194270399993
-1.39881168735
-0.8994902258700002
-0.38173254997000045
-0.0840485554600005
-5.0700342665800004
-4.600393980799999
-4.12486138551
-3.6857870631199994
-3.30005100573
-2.3779516305899997
-1.12946599928
-0.26561828460999987
-3.297032687439999
-3.00597518797
-2.6626336386199996
-2.3164494735
-2.0086814093600003
-1.3360105866300003
-0.6254319452099999
-0.14884513479999995
-3.164163931779999
-2.912871677639999
-2.60996680825
-2.3052170623999997
-2.0328718813099997
-1.4281728334600001
-0.7272954811799999
-0.18489552685000002
-3.2779564138399997
-3.0043436645699995
-2.6744119825499992
-2.3336181197399997
-2.0255865018199994
-1.351265330419999
-0.63860335912
-0.15298041910999988
-1.8979448961300003
-1.8093280751500003
-1.6527206540200001
-1.45421445696
-1.2602639752400002
-0.8475638561200003
-0.40233367043999974
-0.08891175020999996
-0.6622541733300001
-0.6388731879900001
-0.59596412257
-0.5340352593600001
-0.46737497828999996
-0.31430043283000003
-0.15023820478000002
-0.032743419620000005
-2.6813208566400006
-2.4821746004
-2.3002660163900006
-2.1188468894000003
-1.9265781318000004
-1.3444317574100002
-0.7028289052699997
-0.18269924534999987
-2.45292640591
-2.24746740913
-2.0622330274199996
-1.8908979700600004
-1.7220854988800005
-1.23914829739
-0.64915178541
-0.15869075101000027
-1.7744385747500002
-1.65773445093
-1.5324271787200001
-1.3885079895700003
-1.23201352006
-0.8153663693300002
-0.39221822535999995
-0.08818383977000016
-2.8454144601399998
-2.6318354969
-2.4272675629
-2.21943030701
-2.0021427655800004
-1.3843413298100002
-0.7102899872800001
-0.1742655243900001
-3.0418373273199992
-2.79500666217
-2.53234394495
-2.23871365858
-1.9481707164900002
-1.26596803205
-0.57632936596
-0.12200029978000017
-4.35156783703
-3.9725084754
-3.58193432362
-3.1856059143100004
-2.80097427276
-1.85719446167
-0.8917969655299999
-0.21790250025000021
-1.72004609463
-1.6330294215999996
-1.4877736382800002
-1.3184717100799999
-1.1352704575299999
-0.72815516851
-0.3540405778
-0.09151591256000025
-0.47126553409000005
-0.4485999090100001
-0.43214034794
-0.41689815433000005
-0.39408820218
-0.28407959939000005
-0.15105396648
-0.03699165555
-1.3182520819299999
-1.25258954017
-1.1745085953
-1.0966974793
-1.0224066887899999
-0.78598012286
-0.4337404958899999
-0.11458314339999986
-3.65491989541
-3.3105617814800006
-2.986848713650001
-2.68878193865
-2.4175913741200006
-1.7381497292800003
-0.8079303876800001
-0.18335185471000062
-4.07131604254
-3.6612828366700003
-3.2688638084300004
-2.9145910523
-2.6023425739000006
-1.83846331802
-0.9314931848700001
-0.23909347918000065
-3.778325815350001
-3.428050291550001
-3.03276982227
-2.639133426570001
-2.2857893837600005
-1.4982404884
-0.67464120099
-0.14678063019000037
-2.5191976314
-2.3052798133
-2.0714699599
-1.84595577548
-1.6461380846099998
-1.1768994045899999
-0.5616833058999997
-0.10092227246999999
-0.95140404544
-0.87834317257
-0.8104717991299998
-0.75223896393
-0.7021260951899999
-0.5457320271199999
-0.30641891979
-0.08955808448000015
-2.60131973423
-2.4084046423600003
-2.2132807188100005
-2.0247581899400005
-1.8457549726
-1.3620459350399998
-0.77209962378
-0.21085557418000014
