-0.3776349162
-0.3593430288500001
-0.34044873286
-0.32107125494
-0.3014615986899999
-0.24295265953
-0.15579793452
-0.05166281596999999
-0.6706376935700002
-0.6365325794199997
-0.6018187815400002
-0.5666971028099997
-0.53155032372
-0.42849452064999977
-0.2780053122699999
-0.09791650436000006
-0.7237124047900002
-0.6810041422500002
-0.63832098007
-0.59592647203
-0.5542661495200001
-0.43610620482
-0.2731860431500001
-0.09144061148000014
-0.9911379153200002
-0.9489191097999995
-0.9060978956400002
-0.8627809493699994
-0.8193008507599997
-0.6893500119499996
-0.48673990603
-0.1713978082599999
-0.9364756063299997
-0.8804641529899998
-0.8251492346400001
-0.77072537907
-0.7176694931200001
-0.5687741575999998
-0.36506591093000024
-0.1325048004400001
-1.3366820212600001
-1.25053131065
-1.16494535814
-1.0805830481800003
-0.9984860457100001
-0.7711709104600003
-0.4735998675700002
-0.1608117314300002
-1.4789822371899997
-1.40025495805
-1.32239991642
-1.2456304653599997
-1.1705364633300004
-0.9575159830999996
-0.6134276980399999
-0.16922035203000033
-0.5401911226500001
-0.5084768177899999
-0.4769256652700001
-0.44568199216000004
-0.4150470027800002
-0.32829388352999994
-0.2082702371
-0.07173682888
-1.1644872765700003
-1.06598091375
-0.9705493450300003
-0.8789581313899999
-0.7922803132199998
-0.5663205974100001
-0.3067389493799998
-0.08844739354999996
-1.4603201195299997
-1.3530662812499998
-1.2475569179900006
-1.1444132636600002
-1.04475228428
-0.7731663890799999
-0.3682222812000001
-0.09038639635999987
-2.1122643199900004
-1.9658099944800003
-1.8230830724299998
-1.6843784830699995
-1.5507190660699999
-1.0109671997199994
-0.44541843837999995
-0.11359795426999918
-0.8304830611400001
-0.7907680165300001
-0.74994228099
-0.7082694083000002
-0.6662451305700002
-0.5411072857900001
-0.35374564857000007
-0.12408990474999998
-1.6387585787700005
-1.52318397115
-1.4118387741900005
-1.3048108391500004
-1.20275277539
-0.9277908817700001
-0.5767497969900004
-0.2078309808
-2.0129484705599996
-1.8679436908399996
-1.72785230659
-1.5929817972199998
-1.46427342623
-1.1177315809799995
-0.67864470841
-0.23168887297999943
-2.4892340766500003
-2.32883650116
-2.1735091983900006
-2.023327469419999
-1.8791949272100004
-1.4851255502999992
-0.964073452150001
-0.31767643124999984
-0.8281989283800003
-0.7676819604200005
-0.7095495266599995
-0.6538079021899996
-0.6007645664200001
-0.45848945084999976
-0.27872694762
-0.09533116728000003
-2.4266965297099996
-2.2901819467599993
-2.156265251069999
-2.025611602179999
-1.8992814903000002
-1.548679661819999
-1.0658114863199992
-0.4652351725999998
-0.9280042348300002
-0.8713589974000002
-0.8153098935199999
-0.7602271534999994
-0.7066190596299999
-0.5568075609700003
-0.3538083994699997
-0.12686349452999987
-1.4307895459900002
-1.3372656046300004
-1.2460320711200013
-1.1575784024800007
-1.0711829633600012
-0.8406298816700009
-0.533589727970001
-0.19856894796000074
-1.6790446565700008
-1.60749608039
-1.5339269252300005
-1.45956083364
-1.3854520207400005
-1.1690492670000001
-0.8412950412100002
-0.37806162232000046
-1.84503333725
-1.7431007752900003
-1.6422161533599995
-1.5428877537499994
-1.44600036415
-1.1729460978899997
-0.7902785595099995
-0.2713223414199997
-2.0113734229699998
-1.9127854839800005
-1.814078318280001
-1.7162684904499996
-1.6204039405199997
-1.34758185259
-0.9544662893599998
-0.4284756953800004
-2.1468714413400005
-2.0341017989500005
-1.9224616727600008
-1.8126538728500008
-1.7057137890700003
-1.4047792979400011
-0.9804075114200003
-0.4317136418199997
-5.805041833369999
-5.036173880939998
-4.31152648774
-3.6473960625
-3.0559311794599986
-1.6939668205900003
-0.576630570279999
-0.07638667056999919
-5.78721430268
-5.099401687780003
-4.432246669160001
-3.8059048359000003
-3.2345955419400014
-1.900781236810001
-0.6874298344100007
-0.09521821566000056
-7.061816858570001
-6.40267512988
-5.752431478810001
-5.12177865872
-4.522771117499998
-2.9864659331600008
-1.3790890794800001
-0.2810236305600009
-5.830117093010001
-5.0799175333300015
-4.367895621210001
-3.7107870216800003
-3.12165647212
-1.7875974384800004
-0.6208699547799997
-0.08277471219000045
-6.533171901520001
-5.838186858749999
-5.1571827165
-4.505056538430001
-3.896692838020001
-2.4087560474000007
-1.0063989341999995
-0.1745981041599994
-6.539321489720001
-5.781930676900001
-5.0421163911699995
-4.3401722735899995
-3.694264709709999
-2.17079208442
-0.8432716945600004
-0.13065364888999914
-3.215180413479999
-2.80421849429
-2.4077457579100003
-2.0380864810999997
-1.7051553060600002
-0.9541901854000001
-0.3467238228599992
-0.046385465279999795
-3.326011053060001
-2.97860952048
-2.6384117912200002
-2.3123079141000003
-2.00736364046
-1.25585258697
-0.5359177863600008
-0.09730154554000071
-2.9074374496999993
-2.6153947610999997
-2.3263954911500004
-2.04697200854
-1.78374453322
-1.1276211228199997
-0.4884467305099998
-0.09228147354000019
-3.1147224976700008
-2.758918619580001
-2.4112723584900007
-2.08105829742
-1.77674780787
-1.0552379596700006
-0.4169358048699998
-0.06549938942000018
-4.990786154969999
-4.4548997440599996
-3.95711567963
-3.497666140009999
-3.078276774949999
-2.0550480493699994
-1.0182651293899996
-0.28361524272999966
-3.6764371790199997
-3.19959936501
-2.7822494042
-2.41606652725
-2.0957357329299993
-1.3606779654200007
-0.6676193752799997
-0.19390028100000015
-2.6964124480900002
-2.34053954401
-2.0297280612200006
-1.7584119948899997
-1.5227070643099996
-0.9890169349000003
-0.49322834909000013
-0.15350752666999948
-3.598588412479998
-3.1272664025799997
-2.7176222522900018
-2.35960326743
-2.0471790865100004
-1.33216395646
-0.6556967042800008
-0.18301927493999948
-3.9529301946000004
-3.534300115430001
-3.1051090597900006
-2.7077264353599997
-2.3563653209899993
-1.5382630124199996
-0.7535128072000011
-0.21322128310999972
-4.7886466807999994
-4.23804518384
-3.706438384309999
-3.2042931323299984
-2.7542813280699994
-1.7027644967699982
-0.7319327726899987
-0.14002863335000004
-3.8978349044
-3.3984695172899992
-2.9458598257700004
-2.5387884623800003
-2.1769102971699996
-1.33899125438
-0.5803830741000007
-0.12753492915999914
-5.566280933959999
-5.002338595660002
-4.460879904830001
-3.9451428079099986
-3.3699680585099996
-2.0207672326999995
-0.8365008724499993
-0.17280342841999918
-5.034121926509999
-4.467192645369998
-3.937882528779999
-3.4482372560799996
-3.0015700747899996
-1.9212945060200002
-0.8722626103599992
-0.1966111198799993
-4.133997916550001
-3.6583523696400015
-3.2163977809400004
-2.808836960530001
-2.4378975653599997
-1.5470167629700011
-0.6960078824400009
-0.15595481177000017
-2.5013575505299994
-2.2306815433800002
-1.9776448142200007
-1.7430129240300007
-1.5282416936900005
-1.0046983848100008
-0.4835584353999999
-0.12933587999000043
-2.3329278598400003
-2.0616870945900003
-1.8029588587999996
-1.5610980649300001
-1.3402086218400002
-0.8177069778999999
-0.34753958455999995
-0.07354405479999974
-4.40942416683
-4.018203680779999
-3.6409327197999994
-3.2799456173699997
-2.93895722677
-2.0545021165400006
-0.9702418656199997
-0.23084801091999954
-3.3850345496000003
-2.9900113590100004
-2.6252780278500003
-2.290985158280001
-1.9883626679400002
-1.26530287251
-0.5732482967700017
-0.13397317150000118
-3.1674269785799987
-2.8556052063
-2.5593393821299992
-2.2796711710099986
-2.0188345049799987
-1.3595421741299987
-0.6633460389899989
-0.16718722286999987
-3.3785900321700004
-2.9903439387799997
-2.6305302781799984
-2.29965733266
-1.9991369974700004
-1.2768804135599998
-0.5793163087999994
-0.1337221679000005
-2.04908671387
-1.831711321180001
-1.6258569937299998
-1.43281012497
-1.2542587141100001
-0.8115260142500005
-0.36656565744
-0.08346497209000056
-0.73082835685
-0.65955588463
-0.5909252253
-0.5255450625899999
-0.4641621322100001
-0.30789984103000007
-0.14445257180000004
-0.03557976030000001
-2.5644222050300005
-2.3361156055599985
-2.1166568829899988
-1.9074077318499985
-1.71030715495
-1.19945207805
-0.6190564537699993
-0.15872840154999976
-2.29745477607
-2.1068677425899995
-1.9209305508000012
-1.740960969600001
-1.56899212815
-1.1128997616800005
-0.5825479801500009
-0.14561346345000065
-1.5993070879399998
-1.4550804193799995
-1.313282210649999
-1.1760522674399998
-1.0456370719699992
-0.7070143902999998
-0.33666485358999926
-0.07417156379999935
-2.702524385750001
-2.4643909953400014
-2.2315286805300003
-2.0067298563700007
-1.79330777038
-1.2379811306500008
-0.6177700603200005
-0.14864433192000087
-2.9147855800900007
-2.623596303730001
-2.3435892377500007
-2.0589888058900003
-1.7895489914700005
-1.1382511252800007
-0.5020385754500006
-0.09910249636999982
-4.286990885839999
-3.8123117027899998
-3.3695413523899993
-2.9602235067799993
-2.5867364250700002
-1.6804816521799992
-0.7821083923299995
-0.18261139409000027
-1.9024002100300013
-1.7238927248
-1.4906476295000006
-1.2924551869399998
-1.1218919656500015
-0.7332191661400009
-0.36376696730000047
-0.109625822300001
-0.4075670955
-0.37842557753999995
-0.34988646822
-0.32203134371
-0.2951174826999999
-0.22149812681999992
-0.1281122374399999
-0.040235877079999954
-1.2674426782000001
-1.1841157580900001
-1.10009230299
-1.0160688478900004
-0.9331874591700001
-0.6994466317600003
-0.3936112953400004
-0.1104666843600001
-3.1327947568700005
-2.8600103194799997
-2.597322501900001
-2.346293801540001
-2.109421704220001
-1.494663687100001
-0.7001557169300004
-0.16203537398000026
-3.5242034956199997
-3.18885641093
-2.8691091999799996
-2.56678163887
-2.2846535924699993
-1.5697263136799986
-0.7998982724799995
-0.20855889123999966
-3.65164429843
-3.2589177907799995
-2.8805675143199996
-2.522561079640001
-2.1909476734999997
-1.3805135249100005
-0.5861373316300003
-0.10734168953999933
-2.2645231037499998
-2.0656404012899996
-1.8722860531199996
-1.6860288317399998
-1.5091591449999997
-1.04794630509
-0.49993642029999974
-0.09568884741000022
-1.01453772593
-0.9329427306600001
-0.8551190644799996
-0.7810981028399995
-0.7112689013199994
-0.5278417455300002
-0.30800024246999946
-0.10564741523999946
-2.4972787420299998
-2.2962374086099993
-2.10125781213
-1.9132686659099998
-1.7340395453299997
-1.2574590100099996
-0.6882644213800001
-0.19080038654000006
