-5.306329055617514
-5.505236858442545
-5.431837130698823
-5.1960694492226756
-4.871314716455051
-3.774328583011708
-2.3025250487851463
-0.9081686753349527
-5.705048274222083
-5.9723231825957175
-5.928083798082567
-5.696394925113955
-5.357163559717925
-4.159449681589219
-2.5103372043123198
-0.9485300542282634
-7.549316050478886
-7.760064948128276
-7.625363866198775
-7.281608160908473
-6.821493461738043
-5.246263894125796
-3.1083972069386974
-1.0899517575375737
-8.187862933808958
-8.492932709236356
-8.433300528959254
-8.151850192302135
-7.737487174321762
-6.223031853363024
-3.9890872631773817
-1.4145245126935169
-5.865552526253114
-6.183429760382408
-6.169517885856142
-5.954621153707963
-5.622988922302008
-4.415981635894639
-2.7177540291947464
-1.066771575094721
-8.081744886809014
-8.442148405877935
-8.38215227037747
-8.062599587226687
-7.599999952424671
-5.948841795807943
-3.6195911387174933
-1.3625981429586917
-8.491759267420735
-8.863897204788564
-8.84385456730212
-8.578537487027798
-8.160459615781086
-6.58285178904487
-3.928369492343007
-1.154691861096024
-5.3271121537049675
-5.5810211203695435
-5.5443996951314025
-5.33301701338862
-5.022199255509338
-3.9332452372706843
-2.4354691055297844
-0.9928572899730129
-3.13711201879145
-3.3365783046058084
-3.3130090665775174
-3.161277390378937
-2.9426344295073625
-2.1898871832752542
-1.2421917160280815
-0.4535948806515657
-4.025307082657964
-4.376260316180782
-4.4084452528008375
-4.252572017198445
-3.9853912351781404
-2.991567581327592
-1.4170094483607727
-0.40818832940885275
-5.098077643789667
-5.525637176021702
-5.611894563173636
-5.4815232933189355
-5.2172165025156545
-3.51899517091074
-1.6079855373937504
-0.5657997649290091
-7.84779070633686
-8.172859193603692
-8.1029923415503
-7.791026242199638
-7.343913529514904
-5.765960572858094
-3.5492536548974556
-1.4182393659866097
-5.926000468226375
-6.315156449655495
-6.369442253256109
-6.211912393881491
-5.928102623367501
-4.797795762040511
-3.106000122592215
-1.3610419206526083
-7.58074797629906
-7.993146891085141
-8.012894599321642
-7.784531524051767
-7.403872014445501
-5.914460577675597
-3.75814512589584
-1.5588892332467739
-8.52924037997529
-8.969720322529648
-9.01606186216609
-8.79941437994586
-8.415818128244132
-6.904268173941635
-4.616822166421235
-1.8375471548769944
-5.146715866395622
-5.446420439861598
-5.461079050101684
-5.2973933274761515
-5.034805911305701
-4.059424747006338
-2.6443543014421085
-1.206762557908332
-17.53175432285631
-18.38171526331488
-18.380880676396213
-17.839760840414844
-16.974218851396486
-13.653372197460504
-8.715472500968117
-3.5312692469675486
-7.3117536932658425
-7.562211360439132
-7.46034782449018
-7.141290873414616
-6.698137742539847
-5.162999724941963
-3.077335511445781
-1.1134645197824027
-7.718153622014943
-8.08959502437527
-8.064362887515445
-7.788760934705013
-7.284871207693101
-5.783304921617464
-3.4391697510104016
-1.2305827995484737
-20.219500871640523
-21.124061370234585
-21.065495955283325
-20.384021181291736
-19.339777179279373
-15.460133760791757
-9.757639448219265
-3.8483244443146245
-16.542467559089992
-17.319380176909586
-17.309101579468454
-16.811775596631332
-16.015347448911072
-12.96062108672886
-8.396252397619312
-3.175961100972183
-20.183908561176192
-21.07106196010569
-21.051276601334994
-20.44755019241119
-19.49830477797075
-15.856907701460216
-10.336441199616136
-4.409342590633615
-19.56300723092366
-20.42571287922352
-20.462271553529717
-19.958507328346023
-19.122803392334312
-15.825381649331302
-10.672371867639836
-4.8971429868919065
1.0906169171058568
-0.9478648946688976
-2.1887137414507136
-2.4357577596669153
-2.0591080326126034
-1.3559716479143769
-0.34481619550333187
0.09551941997354366
-0.21591329671419807
-2.1594906473417037
-3.164596913009448
-3.5398723953693576
-3.3230931362259315
-2.2776882425700684
-0.9300436390746551
-0.21832293129522334
-6.193112224264345
-8.327897842296332
-9.16315624692131
-9.085859688263898
-8.487536131835714
-6.30362910933926
-3.3412093210879523
-1.0969108323927825
0.4702301442313118
-1.5315172906848735
-2.716549211904234
-3.076237370716388
-2.7238659668343215
-1.8318870237191323
-0.6025404169003911
-0.021197254034968013
-1.893803336749042
-3.6923319819611566
-4.649076128979038
-4.997651103395721
-4.7095303460561935
-3.0787599568643373
-1.3139787456198349
-0.21007118789115048
-1.9704849365979942
-4.628412257696166
-5.615590591244217
-5.916782361007189
-5.58582156428233
-3.734368809902709
-1.73429054896654
-0.46758205632648353
0.24677418931941728
-0.6428892456037458
-1.1658364209396328
-1.2172670585724867
-0.9821519864568309
-0.6138857796227795
-0.08769438275152895
0.08941375740219418
-1.8942990688510133
-2.7506543260626515
-3.0831713451292635
-3.0471523285274613
-2.811516423956675
-1.9851184464135823
-0.9365195319465092
-0.207987858061711
-2.006108622439123
-2.95856688301138
-3.3108002348752716
-3.2544750270476412
-3.013084864912159
-2.1056943007302475
-0.9231849656945059
-0.09789140397578394
-0.45523895423383537
-1.2787754907498594
-1.6494638823192223
-1.6984535099318312
-1.5380559344351672
-1.0418280923274403
-0.40314315703269804
-0.07694515357941895
-3.447936051756792
-4.238528365784653
-4.379347660466542
-4.173838462950356
-3.842130930493841
-2.685154936627176
-1.3960694730237158
-0.5460897072445416
-2.3252785251261976
-2.863882050018927
-2.941253909709064
-2.7602803141165397
-2.485933379302938
-1.6239368162005365
-0.7543662194523011
-0.21110657779560799
-1.7024193668278573
-1.890345762162778
-1.8448513596349612
-1.6839894275022982
-1.4982467635075465
-0.9090597381262575
-0.3215920874134687
0.057661801987835305
-2.001345829158626
-2.58228738626649
-2.6938773117265558
-2.552756812735415
-2.30731921754945
-1.5426053747004334
-0.7125615698644179
-0.16840459033927693
-2.434496466575106
-3.0054229800525607
-3.1503148081648433
-2.9725666088227487
-2.6654386038477305
-1.7234409183282877
-0.7364006367627409
-0.11913885874382303
-1.852299891470411
-3.033886788293463
-3.449304021374052
-3.3696605791210636
-3.0407642869317937
-2.078397659272413
-0.8841852813769816
-0.12289763767500901
-1.7430756749265246
-2.5974480036946086
-2.9433748901351238
-2.807613317974758
-2.502041535341493
-1.7402267840894121
-0.7695393870525409
-0.15080923798589096
-3.230315930581885
-4.381569042323074
-4.784900452071348
-4.574038602819365
-3.999604314067162
-2.5963122124310183
-1.0588210361069095
-0.22265901851850625
-2.319555643054226
-3.476876766859319
-3.8463917165952237
-3.733458921879975
-3.4269835262832844
-2.362464708484315
-1.0568318325862123
-0.2134597365753366
-2.4699256247126904
-3.3703320137486554
-3.5766632479935536
-3.3592502047924038
-3.0419189035159873
-2.0630487890841307
-0.8968107624493609
-0.13295660693459385
-1.9070563268020022
-2.28396333257206
-2.3141339652915063
-2.161065694914886
-1.9629422783378756
-1.3250605545582517
-0.6644002540933345
-0.2406748018608806
-1.1522759514378556
-1.6814480160337457
-1.8132813818412006
-1.7757437934675129
-1.629986002961672
-1.0359357828248263
-0.39433293068388414
0.003545425844615636
-3.528985114214742
-4.157190649207407
-4.320330439033568
-4.176787755271446
-3.882128354137038
-2.8660030304271515
-1.3659176655892031
-0.3495852639233939
-1.5111671737763648
-2.5188901519810574
-2.8741606474243904
-2.8998257655166637
-2.707255803607735
-1.8983151264176883
-0.912203558195479
-0.25088437329292634
-2.3120255350375682
-3.1445417253687182
-3.461634573249992
-3.4795499551797286
-3.269359540555337
-2.4258117420277587
-1.282603295627711
-0.4098135777240235
-1.8448137090829286
-2.888398826621984
-3.231081491527136
-3.237544834253621
-3.03223643963405
-2.1243124928070527
-1.0239880114571818
-0.23630106412123478
-1.9968716899795904
-2.740407104078573
-2.9200503806058706
-2.8945797902795642
-2.710343147902412
-1.883323936420212
-0.85195014404169
-0.14577661579969214
-1.563131194089975
-1.7735851625072556
-1.787653914283125
-1.6946131548640242
-1.546564956492564
-1.0506822443232648
-0.48411064331835724
-0.09748979824497701
-4.077641333272078
-4.693284138070803
-4.839612961791598
-4.7170541789778735
-4.433846817118057
-3.2699431239245773
-1.7564290664634616
-0.5087717470167326
-3.9246420888688753
-4.395342864866834
-4.488653453173802
-4.347815333206979
-4.080904380056706
-3.045621206574537
-1.631849704671985
-0.38593058517868994
-3.2539855700584828
-3.7095571040497077
-3.763547978400378
-3.5830073640046325
-3.3003396598848798
-2.40148321809569
-1.2993452357596595
-0.42493026954080143
-3.540324201842153
-4.15620546007169
-4.329994077621654
-4.263779327920494
-4.0329940679153085
-2.956947909809022
-1.5891728176044833
-0.4894632950987418
-2.3902068813467197
-3.0040110848150428
-3.2131723846834594
-3.192012781218359
-2.9710856875761436
-2.059804567575519
-0.9954426270796585
-0.24509874031576262
-3.669691457294038
-4.936205422168127
-5.29359689803752
-5.21402248172228
-4.920599273335439
-3.538209496519989
-1.8612293445435484
-0.6068074780967517
-2.946989341953157
-3.876047791901013
-4.1733803813915005
-3.9300574915366173
-3.509915115682977
-2.272379516409942
-1.0661691664405473
-0.3051325263236731
-2.958108801452524
-3.14600382133039
-3.1271973765915133
-2.9927912238762864
-2.7946929076791873
-2.0994505862209802
-1.1807021091356424
-0.35793113360053913
-5.093804307498328
-5.459183972925399
-5.439109959999736
-5.192254194490192
-4.828418201214919
-3.5584717620988067
-1.9030590944756736
-0.5334265756201299
-2.744473362387237
-3.020050214817758
-3.0448305452315396
-2.9176909467579164
-2.7219520643820196
-2.0204785785331616
-0.9210075094582325
-0.22257116718881534
-3.1500136038199216
-3.571480023679481
-3.6193464101827857
-3.4740216008737237
-3.233058144875712
-2.3062712775263763
-1.1730967000416714
-0.2909445478502326
-2.301997941217203
-3.2336856538919627
-3.561345753333666
-3.5497117364830637
-3.2547950566685793
-2.2829153925489862
-1.0085826655389425
-0.18069749162751447
-2.4436706481651163
-2.880071782229773
-2.991529930802312
-2.8931992705080187
-2.68693078710589
-1.965546440693785
-0.912548688178494
-0.1412020751812667
-4.646817096632896
-4.85700123616231
-4.810571845267517
-4.613565394704833
-4.332905719372876
-3.3597333867222536
-2.075969199415371
-0.9616763677736079
-3.2367792732548657
-3.6918801755151134
-3.8398279724204314
-3.7846071804171713
-3.595112012621881
-2.7546703836471615
-1.561838525541111
-0.4864261515282183
