-5.266344558631805
-5.464537691463369
-5.391634323350736
-5.157474633678569
-4.83515971865173
-3.748516753309784
-2.2966841322683114
-0.9154488464973456
-5.642114894601077
-5.9063867331445925
-5.859113719147279
-5.624802674296248
-5.284899937015728
-4.098798175701809
-2.48669053167371
-0.9432692697641625
-7.509382067986348
-7.7257381978128485
-7.5962405459911215
-7.258901998743248
-6.805377963855841
-5.2482880499151765
-3.127771672822326
-1.1043355816050682
-8.124626467362692
-8.421368821859009
-8.355048838919936
-8.068747355645389
-7.651485434368727
-6.134211217449823
-3.9379125237158368
-1.4112790989143629
-5.853914305070686
-6.16946304154494
-6.156971094380975
-5.944573918844241
-5.615533801611482
-4.410775695714988
-2.7238891846803894
-1.0794454371183473
-8.070361873561344
-8.440373622165724
-8.388891905298273
-8.077675302696802
-7.622265791513801
-5.983367591990181
-3.6587778834889684
-1.393413541187743
-8.501132620345924
-8.85450684634243
-8.819841680394187
-8.547460731317637
-8.131084852724195
-6.5682348454147474
-3.9534719231408775
-1.2295347967466277
-5.321869504271416
-5.57224961132143
-5.53509894498234
-5.3249886632516175
-5.015647434039972
-3.9281227558060854
-2.429255197668158
-0.9901013959528719
-3.0983910111914934
-3.3072526127634654
-3.2936237447995516
-3.1531753706814687
-2.945378589113806
-2.2140358003944627
-1.26832432834843
-0.45801480304851544
-3.9586279135687845
-4.325351389522419
-4.370256561070547
-4.222759001855363
-3.9646769748258803
-3.000992013496297
-1.4497417610588228
-0.4109715200760962
-5.152417350385515
-5.564804028768493
-5.641683858654492
-5.508108465136318
-5.2399182093766425
-3.572946449477019
-1.679326157115078
-0.6027072087729511
-7.758140817292919
-8.089977365637262
-8.026531060164032
-7.723566451921209
-7.285516098715663
-5.71892513374548
-3.5181344795709246
-1.4037408960476554
-5.902082774429355
-6.28537455875247
-6.339926928153752
-6.18806347508548
-5.91115862533421
-4.805207898328656
-3.146544294802125
-1.4014407617883873
-7.608521775635516
-8.024972265051886
-8.05260041956303
-7.832378646032751
-7.459187246553272
-5.9791780908992616
-3.831673618465804
-1.6205327053453673
-8.448024337397637
-8.869471680964184
-8.910855711262432
-8.701162973999123
-8.331098953916356
-6.865410620363064
-4.632437916125697
-1.862123168352388
-5.176003342917753
-5.462921165527364
-5.466929065500888
-5.297825869417709
-5.034634915110231
-4.052980104060746
-2.6304369048451037
-1.1847504834396705
-17.608429145522788
-18.405879944674737
-18.36699766728188
-17.808721484212963
-16.94056968532634
-13.612905773585341
-8.703254586997094
-3.5766960667559826
-7.280428757731219
-7.5226291594653665
-7.415861452414193
-7.09465584781577
-6.651422458525459
-5.124004997909164
-3.0552535952363606
-1.1042833100999285
-7.849949211801994
-8.201252407088514
-8.158622520427821
-7.870897344758956
-7.358205360762074
-5.860048205533766
-3.5042197812751046
-1.2892848232125351
-20.292627883992637
-21.171500297629684
-21.087528863030215
-20.381415136384145
-19.31538483767561
-15.402762934721201
-9.694112445075271
-3.8512986486971443
-16.65116284828411
-17.41720217840875
-17.376777923141876
-16.835257861929552
-15.995598987686003
-12.880473001703006
-8.319368112402323
-3.1333219899340015
-20.278427857327564
-21.13505670845909
-21.095953108571226
-20.47922929405026
-19.51763669872505
-15.839808081271224
-10.30068027749742
-4.410701649678072
-19.643491284289222
-20.471143401318706
-20.48669941220601
-19.968992627248795
-19.119647273101048
-15.781627705829633
-10.607974384046027
-4.8758046688488195
0.32192291017672364
-1.7146507094992804
-2.9824708343479007
-3.1778532288570394
-2.7284149678176135
-1.7754161709948493
-0.4804880965878523
0.06072574022497219
-0.9645696862828075
-2.890059591956182
-3.8600437396531855
-4.178942119147856
-3.9202671588854394
-2.67284427681159
-1.0961547467795962
-0.2182249771311039
-7.000612830970153
-9.232886364668687
-9.936076526911613
-9.79237269881604
-9.119795312159397
-6.7224062138322385
-3.5346931870062077
-1.0481371932910646
-0.3000530919956414
-2.3207331009456165
-3.466879418959651
-3.750195026118663
-3.3161454820599903
-2.1627381946538637
-0.6682610032109024
0.034988207568042926
-2.6409189406517593
-4.391296749564182
-5.314358848988551
-5.664875210778533
-5.339823101512447
-3.4640854978575235
-1.3666317080268007
-0.13323685239023644
-2.754910782292498
-5.390096424251006
-6.388746814584537
-6.62849566417312
-6.215676569352625
-4.095299310964195
-1.8093881277123853
-0.4004144341199502
-0.20359868358378239
-1.0624669261072652
-1.5714496416516477
-1.6032068053766466
-1.3288272401190975
-0.8389809135307331
-0.17469988611713505
0.07104556496734395
-2.09807521199022
-2.9613969486170633
-3.3815840658672203
-3.3250621967227825
-3.054763071453947
-2.230807798208884
-1.0682934726879902
-0.2554863360624941
-2.2574069006804023
-3.231460067694687
-3.582060641179372
-3.5253072212014636
-3.2802002605137766
-2.318162949569174
-1.0257283449079517
-0.13717415763443228
-0.7634353559980382
-1.6057563116774138
-2.0107177388230295
-2.0529478394901512
-1.8771965620512716
-1.285566142126487
-0.5155908873199226
-0.0932086808369359
-2.4604184868531713
-3.440882160338458
-3.801990560246259
-3.78128878734977
-3.5800900746786315
-2.637455906755693
-1.4067404518270834
-0.508380808888533
-1.7533553391074084
-2.434941558724454
-2.6424454818142418
-2.5690941350306855
-2.3795968336845545
-1.6561363110216791
-0.8040348745709793
-0.2298980877856084
-0.6992309569272446
-1.6364391800036169
-1.6768247807396437
-1.5861058673328146
NaN
-0.9334254105941998
0.17530555780500262
0.05387604022315074
-1.4327009384066876
-2.134958747742628
-2.37361240584866
-2.344487454133077
-2.1737202296820066
-1.5352535420065405
-0.724520134365462
-0.14569598089878188
-2.0290034138231254
-2.7190205933670506
-2.9893103687008518
-2.933520614290376
-2.7241241868036132
-1.9255043384060915
-0.947318459871201
-0.28053950738083944
-1.7140117170863294
-2.953130584295553
-3.478621555623243
-3.4986066505151348
-3.21511559181183
-2.275847005672667
-0.9949915108344944
-0.14373062271759876
-9.397646131765194
-10.29395400848041
-10.650363997529753
-10.564870226072875
-10.307760587007827
-9.60464296485143
-8.664482688436435
-8.04178122311937
-2.934160045958549
-4.041140264250031
-4.472938055063105
-4.386546569243496
-3.941583890626058
-2.6651781876201652
-1.0393457295286692
-0.13245190145429492
-1.9857462691364276
-3.2101862576222655
-3.6243117006465986
-3.576136956192951
-3.3155907013774124
-2.3212892621191266
-0.965966521258492
-0.059494944061939406
-1.9750343767830032
-2.9678181854516095
-3.268091344830516
-3.128025562991421
-2.8697382150269024
-1.959711485520746
-0.7689307660643265
0.031947236195646725
-1.4674337498017456
-1.89311935191366
-2.000920064292536
-1.9355218920637909
-1.8101663016798688
-1.2537146010668314
-0.6045644471589792
-0.14827209358335036
-0.896307688468074
-1.4853308084983774
-1.6793018725025073
-1.6771545994705808
-1.5612477885842846
-1.0013636764723275
-0.3600052391059934
0.09225856948285921
-3.0309945992938685
-3.802377294033714
-4.068656910392616
-4.019003252730247
-3.796168594491645
-2.9366526999726523
-1.4794050527398879
-0.40200931101038423
-1.5110706629176198
-2.525630602651366
-2.8997688504423103
-2.9557867043875854
-2.7924149872336694
-2.0104457136679716
-0.9809661199285394
-0.22377560798504362
-2.3678457236515524
-3.2039582307612684
-3.52393360399159
-3.5473877568842815
-3.355252219441837
-2.528750514637971
-1.3285195096711182
-0.3842203721267423
-1.9484476989528137
-3.0067899456375025
-3.392848291681457
-3.4086886896220485
-3.206988157974351
-2.308920118508948
-1.193920397963669
-0.33437344172096867
-1.9757962982181108
NaN
NaN
-2.8164332707261384
-1.3859174441683872
-1.849959784914632
-0.8432686825191191
-0.12372412977038036
-1.5084421532149546
-1.7135663111857993
-1.7275868702843158
-1.639095111848507
-1.498546399043054
-1.0295715865419206
-0.4844543927480175
-0.10001746724411342
-4.225097602371582
-4.806659326643133
-4.9255444207308186
-4.7666576359339246
-4.46829693568411
-3.313692988643045
-1.8081603436284714
-0.5538113937268198
-3.883478251511437
-4.34951996142725
-4.44998735262815
-4.322974448208701
-4.068795087914831
-3.0885025988721564
-1.6723620622409585
-0.37435329515529897
-3.083858844015336
-3.5442265548176657
-3.6337573426502403
-3.4786122684848158
-3.215475028978935
-2.3636427311171313
-1.2871079317622753
-0.3855449181488201
-3.6049085576071
-4.239513994166674
-4.432946592692365
-4.371624342449582
-4.141471674240495
-3.069835398395245
-1.7064852486154842
-0.565902425414362
-2.4767010903858666
-3.1123948157949797
-3.3240325171807936
-3.2853479678444923
-3.0494473172013565
-2.151194476327966
-1.0192762346235922
-0.20850134865536063
-3.778227861191752
-5.059553987760902
-5.487609565855007
-5.448591307251712
-5.154279671622731
-3.7387242871166824
-2.0207922703071017
-0.6925095197711769
-2.919850581732657
-3.8203785819894436
-4.088666478144221
-3.8474022570743447
-3.4317828406062083
-2.2399681745685407
-1.063400157506859
-0.2965901208248426
-2.9211697311523652
-3.108727464924856
-3.0906708307041875
-2.9576515983951936
-2.7613582490700663
-2.073967194705556
-1.1716698073389273
-0.3535624159422261
-5.075647773845511
-5.430915633757515
-5.403997505661706
-5.153149967153471
-4.788973675729373
-3.5278478169026752
-1.916865672985256
-0.5520778373871866
-2.4160178325560353
-2.787877030427526
-2.8766655378594326
-2.7834293721460868
-2.614088538363767
-1.9313023960780888
-0.8343740562195421
-0.09293100812493367
-2.8160088864044854
-3.3083226411051667
-3.4089588322254274
-3.313863169089008
-3.122775885438654
-2.3072582236740624
-1.1955096900045912
-0.2716762565204823
-2.3358041101123317
-3.337054646699254
-3.670204571384486
-3.6618917086723246
-3.3795931053167187
-2.4146460351279857
-1.0531400715994776
-0.15363459725250608
-2.422831639008876
-2.8469426955459323
-2.965439549833355
-2.892417457021474
-2.7117391043944057
-2.025876222709225
-0.9719047017028978
-0.156130765290548
-4.617963479773399
-4.820270687105613
-4.767810683708704
-4.567029954778036
-4.2851074803414635
-3.3221936020635403
-2.0640379315435946
-0.9493586170867858
-3.300716479031544
-3.7699116099418575
-3.927670886563435
-3.8872369049029136
-3.7085887321610413
-2.881386852821694
-1.6584479286776475
-0.5275416707220991
