-4.919495547726305
-5.132424725408470
-5.075274280480937
-4.857786626426169
-4.552820076216930
-3.520071097845384
-2.150862837837511
-0.866957084507946
-5.017105953207977
-5.312070323706792
-5.296595198768279
-5.095004543956948
-4.788324266667028
-3.701626708050309
-2.235948979432110
-0.863624195960762
-6.864504371877148
-7.118431850067848
-7.026778387523522
-6.727411413880048
-6.311598975618342
-4.863416009667277
-2.895524944341326
-1.041503858445868
-7.183659277112492
-7.522780765678308
-7.499403106136236
-7.256695990860589
-6.883400801423427
-5.498631196691822
-3.508123263746137
-1.284063383582663
-4.904407219337686
-5.275461448645240
-5.318233968107674
-5.160665328695041
-4.885475461055382
-3.833285626357688
-2.355642932636589
-0.946446034084547
-6.769294690354444
-7.219789739284424
-7.248744447820273
-7.017386711338502
-6.640282416742101
-5.221084091497181
-3.188563426973968
-1.233392471097743
-7.013671858053325
-7.447173775025130
-7.491681482357787
-7.297511435265138
-6.957842194080795
-5.613473187568447
-3.350077654754577
-1.063161578551428
-4.781469170120817
-5.062510621928830
-5.056391405155940
-4.877531448130617
-4.599299542352073
-3.601768628096885
-2.229065205708458
-0.931167946954372
-1.952769290699293
-2.254691041729366
-2.332278074272552
-2.280260590217769
-2.156853917258806
-1.648005488647863
-0.960737614309430
-0.370789985283215
-2.518439851531284
-2.986386365018619
-3.132348786222647
-3.084931131395863
-2.924589027693781
-2.230787090390898
-1.083687648955623
-0.321906971424596
-3.011588757964615
-3.568416587483793
-3.787219688643492
-3.792647578769317
-3.659330342415642
-2.542781678667319
-1.224281605173278
-0.480248764672051
-6.994928038721818
-7.362161930499862
-7.335676407133832
-7.071085982269809
-6.672386655703363
-5.225933606552080
-3.207917812562024
-1.312858830328555
-4.249582376068356
-4.747269615849571
-4.912698370236952
-4.868043323797081
-4.693924636498510
-3.867074915227856
-2.566819540394025
-1.197030583550988
-5.609225955637617
-6.167514939861785
-6.332672798632229
-6.245374374044951
-5.999486227402672
-4.863677367165161
-3.152223251250704
-1.383530650911467
-5.976736327887737
-6.560017238539884
-6.757955979212133
-6.699573671357124
-6.474694400575556
-5.405344139970863
-3.692190039442198
-1.554709646797388
-4.338952145074753
-4.687772224512764
-4.751850180536488
-4.640926732391908
-4.433595750751831
-3.603750489769245
-2.374854810928404
-1.125068039698770
-15.039155354659288
-15.988127551745336
-16.096034752419378
-15.680055459482762
-14.949013875088941
-12.000201368495340
-7.606253581593794
-3.100046944702281
-6.429155507659519
-6.727726988141567
-6.676098936176694
-6.408762782946770
-6.017765376347059
-4.635520867862765
-2.760718691891961
-1.019777990838829
-6.403522894542793
-6.851079193332113
-6.901563484654420
-6.703773400872756
-6.282095761492174
-5.014037496939665
-2.970586002173304
-1.086913170712535
-18.528568998362537
-19.489417493485284
-19.487670884939114
-18.863341222024744
-17.878079551984108
-14.199770388142301
-8.841155023598471
-3.473902625173445
-14.700598373211809
-15.577612418982850
-15.646374164957876
-15.212269337340352
-14.477528963882403
-11.658880837360506
-7.510695569828022
-2.859749589492702
-18.169440075581065
-19.136316547680689
-19.205509957034426
-18.694948617140660
-17.836791342328649
-14.451639887824724
-9.329521746730220
-3.977175134357072
-17.386228334167424
-18.337588328467707
-18.474188754675311
-18.074892416010893
-17.340641123090951
-14.326085439825633
-9.604938333327928
-4.436121097970720
6.405922677229626
3.605681083953920
1.608337005213600
0.734546724191061
0.571145890632487
0.079840542883151
0.155879008708849
0.144075815417074
5.065635177470794
2.460327247059218
0.824494366227514
-0.127555825198755
-0.454050012930238
-0.604198421166088
-0.339244668604496
-0.113361697137503
0.625615554379145
-2.278814307420287
-3.651196005991814
-4.163020333258840
-4.119373003483598
-3.364841247212638
-1.948517226898408
-0.711384049184765
5.787314139354859
3.023568908798585
1.163459103067648
0.212075326191836
0.038833645472409
-0.214504413509365
0.012996087916997
0.122827733149743
4.259435208651641
1.816242659596616
0.206137271306249
-0.811141476722435
-1.116639527073946
-0.820413800697725
-0.263581955119800
0.033774605208864
4.202883156336704
0.809505247063396
-0.938776681803335
-1.900277284311420
-2.161650972549524
-1.673045858728694
-0.861191657276784
-0.263557733263150
3.069963159227418
1.828091786510735
0.940770026917452
0.548034985144754
0.490254960428703
0.205443685549468
0.216856128995166
0.130150700428244
1.263196889548681
0.079186113713738
-0.660868758965321
-0.916260968674782
-0.942222396500346
-0.866915104181884
-0.448164104029790
-0.105176658007394
0.701777325693798
-0.543544467970087
-1.167235201229571
-1.379019237729664
-1.390925907240377
-1.086720274446474
-0.459728781102352
0.003406871888268
2.406617810497862
1.233916943119786
0.499475389430571
0.137929050994649
0.013781352655329
-0.128136584781287
-0.035305225109422
0.001376503743865
2.382444971546830
0.880729965804043
0.033817087532542
-0.394380182121270
-0.602780062586731
-0.656541017634892
-0.431575903603883
-0.245615242943432
1.780240020964692
0.635739031527846
0.022882617700858
-0.259155883167385
-0.380040158195355
-0.365659095200579
-0.177147673239079
-0.052894114119608
1.874742060584555
0.592327958919183
0.251167881848157
0.079940065803985
nan
-0.005715916741499
0.632432372861503
0.192501061441950
2.063460748775813
0.895861655067972
0.253437581915541
-0.069387309682677
-0.204833307571407
-0.263119292768041
-0.104731063837962
0.024431247138018
1.881074379419575
0.769631756363351
0.067639195115248
-0.275438800454575
-0.417681160070314
-0.432391790803192
-0.225706766960501
-0.083303012031439
3.121998527271971
1.329550757985146
0.268194146295358
-0.258803599636834
-0.429991317879230
-0.553999646458167
-0.260966497636695
-0.017402895371799
-5.533629067894994
-6.922054916524710
-7.726529047399852
-8.044956042145776
-8.147293033666626
-8.277893469797929
-8.098405250763935
-7.936630544003770
2.578888923026053
0.915844992933170
-0.052336760676006
-0.478389330046196
-0.606078689146958
-0.677618229192966
-0.251512070584468
-0.027937265461094
3.023668243509372
1.228205732676534
0.279149700451001
-0.168265910812250
-0.359930502796313
-0.459068578860928
-0.171147934133492
0.040402104203860
1.985848615879396
0.529970946322392
-0.201151210225417
-0.458897708228621
-0.563191649308603
-0.527699300995146
-0.183845453272828
0.069345705830347
0.897452013892055
0.213055997245740
-0.137442292254636
-0.297298139214491
-0.377957267580968
-0.321768793955131
-0.168617190368679
-0.050893991945350
1.283301022903725
0.438807819313222
-0.000501065929907
-0.228877256163181
-0.324351369991685
-0.268051136993129
-0.086973939675394
0.095487542544158
1.321385422634832
0.166825589456086
-0.470812598084814
-0.777689411183547
-0.892326896863445
-0.909872425031052
-0.534366897852187
-0.205326153097184
1.862367771365980
0.456830881825134
-0.278329734401610
-0.665222981151986
-0.801305461397069
-0.734618824968073
-0.393695507044539
-0.084389794854644
0.777412177720148
-0.366195929121769
-0.978069789383891
-1.276941783935980
-1.341590647654237
-1.164033775792171
-0.652806397807317
-0.211390462826941
1.393906261254087
-0.046465535410303
-0.786562262972757
-1.127940964171648
-1.221805140888252
-1.033661062703149
-0.607940884847169
-0.199349694653168
-0.036979230882110
nan
nan
-1.474997555036638
-0.216809818831387
-1.104735681344732
-0.520604746986219
-0.071981871160980
-0.850030656748255
-1.120543197796999
-1.197345593089216
-1.168386617497807
-1.083391150960554
-0.754076812279120
-0.353606404320717
-0.066941718857713
-1.618518213205380
-2.440475309579234
-2.791233262285719
-2.853771185755825
-2.763775664717710
-2.144153699864945
-1.229880742447372
-0.438786483990820
-1.613299409144438
-2.266809872066550
-2.550796913884051
-2.601914487287400
-2.518261199750730
-1.990454971207757
-1.101011101683359
-0.250193548653600
-1.648263834103337
-2.246723120723566
-2.472500294159540
-2.449132298246816
-2.310679716521135
-1.777445346875832
-1.039480706687676
-0.377235004714521
-0.943697293637400
-1.813048638772274
-2.237493969330465
-2.400103012055182
-2.382923949153795
-1.863688301322445
-1.109640291662184
-0.431920343286562
0.409503149028433
-0.510204852083781
-0.997266419215395
-1.240139510598093
-1.271577711492057
-1.018628959093366
-0.513678428125593
-0.104780260543561
0.468961195543548
-1.280759234935201
-2.147786788701407
-2.515817365915011
-2.593383565165530
-2.078361326487483
-1.248463166485803
-0.517552668715877
-1.009421770553057
-2.091144500581445
-2.595849863785721
-2.555064853573645
-2.311357175236507
-1.507291615460841
-0.694338394766658
-0.181444666609944
-2.537492656293165
-2.751038173293456
-2.758802655910188
-2.651335527330294
-2.480058326297367
-1.862596372885656
-1.051614032448127
-0.322254234907026
-3.835325469867412
-4.272416550072714
-4.328120021970906
-4.159981118954971
-3.877386394108273
-2.845103968701076
-1.526948711380956
-0.430860543337387
0.585947635654866
-0.051684778798725
-0.397210435963632
-0.549862354131387
-0.612902912261466
-0.534450921342289
-0.223346768357241
-0.019392600905933
0.623224494038115
-0.196978024382165
-0.611840539519527
-0.814900883162908
-0.902691337545253
-0.795782252695163
-0.452063382182591
-0.125738559170182
1.301474373777070
-0.077207264086655
-0.778226935415686
-1.121794388020125
-1.168646217979519
-1.020789347094686
-0.478635627313278
-0.084565246380606
-0.185409331199975
-0.799562994408632
-1.104291216705255
-1.211779429598674
-1.203323055552205
-0.969408847406425
-0.458172872543298
-0.049429009428748
-3.650137147298000
-3.930839681509213
-3.952895430598804
-3.822825678834936
-3.607495024236463
-2.819105643312840
-1.769321113340094
-0.847780472209985
-0.780740987475145
-1.445862249441058
-1.794834123264735
-1.939890107729914
-1.939100324908441
-1.588727223449495
-0.939248380362947
-0.313721618524299
