-5.462255503996427
-5.683234053349689
-5.623958047188162
-5.396136261175198
-5.074332452227676
-3.9687144932355714
-2.462951113190538
-1.020642886501939
-5.827977412822516
-6.12174048010296
-6.092564762886126
-5.867598770343287
-5.53020644556855
-4.324812735796838
-2.655620472533291
-1.0406722207563537
-7.963061348597594
-8.190176057477734
-8.06572859809566
-7.7271125052771055
-7.267316141423077
-5.670455083574357
-3.4609920667595975
-1.317572740689592
-8.172808616394171
-8.521699918098289
-8.495883507588088
-8.240994999353656
-7.845906861584865
-6.354461793666764
-4.142092531649649
-1.5518169558254793
-5.965970657974489
-6.307470029166329
-6.310656770868078
-6.106126236393469
-5.777867242375035
-4.548570961784487
-2.796896593769308
-1.0709096831909444
-8.386843966930316
-8.770488348566296
-8.72450361052996
-8.410815751987545
-7.944903434418175
-6.256533178349582
-3.8360029913299694
-1.4410208919811673
-8.511502143831962
-8.907266108780561
-8.905550875691867
-8.659065026749483
-8.26089280774646
-6.71438282102455
-4.061083567027919
-1.2313068194234693
-5.436974107639242
-5.705395725949576
-5.67864922158727
-5.472878164573815
-5.163180824025365
-4.050502698519948
-2.4874655052792627
-0.9780175806316884
-3.327020338537607
-3.531789451911398
-3.509106319345099
-3.358436764876395
-3.1402188786076097
-2.366150633586706
-1.358426463120388
-0.4949927161444973
-4.178755874487999
-4.54726850410779
-4.587584388571428
-4.429802647101268
-4.158182991921793
-3.1467331750379
-1.498646925977566
-0.38971741373662977
-5.121267427122128
-5.556962864580564
-5.65739059718263
-5.537114754895756
-5.272857223563084
-3.5874535162732646
-1.6326181521923153
-0.5146613582538315
-7.785035162765563
-8.139365147717676
-8.08827819677138
-7.789113092762657
-7.349082007407499
-5.751374628146156
-3.4627980376638865
-1.2343114580094978
-5.8476933063467404
-6.253982919042412
-6.3296380395953795
-6.195467642036532
-5.932725607671358
-4.8440288681127806
-3.1647898092496507
-1.3829689048982883
-7.7628698506109455
-8.190909364473322
-8.227688419985306
-8.012512446324628
-7.6389042554019735
-6.129642449910217
-3.924300410229119
-1.6264369375534082
-8.292745980349714
-8.751679958577226
-8.827240199788294
-8.641449907857616
-8.291803524554796
-6.867731650679334
-4.648363718076122
-1.8415829790089013
-5.173935324295805
-5.475818483525494
-5.492572911068627
-5.332854112069952
-5.075260851810914
-4.090886856004105
-2.634044014819491
-1.1535019157577804
-17.111129518034637
-18.028974382174383
-18.08406873109588
-17.602795809040455
-16.797584919794286
-13.580930550470374
-8.733798713068573
-3.582862472203558
-7.77835564322754
-8.018443535924549
-7.90588994486138
-7.574570965956309
-7.116656125083045
-5.531752313987538
-3.368327436241695
-1.3083425853055268
-8.186357100438501
-8.52820053479335
-8.473072990632975
-8.17028860296311
-7.746493120724921
-6.0742377977703494
-3.743095765801448
-1.4154611326130095
-19.63546224385325
-20.729758622746132
-20.812524989064844
-20.229895432727698
-19.25581967537863
-15.392807065148686
-9.75148634593238
-3.87234473580039
-16.227728434694203
-17.108335095005526
-17.152898399631084
-16.674876538893923
-15.882025004228192
-12.854301734860728
-8.331295175960108
-3.0990157591545393
-19.576938118982
-20.59822608477148
-20.690802989517234
-20.178077496530292
-19.298858195898262
-15.767474742287721
-10.294053468657337
-4.386911591224442
-18.98914761491439
-19.94623726840065
-20.06814187304447
-19.636206720565696
-18.854959584367904
-15.644892490735776
-10.538944691770872
-4.798785657497461
0.11286044294720009
-1.8627886416361834
-3.1743825393393927
-3.3418321864725673
-2.834292553366698
-1.8778526227193524
-0.525289791918956
0.05025901558122015
-1.1440615448524685
-3.005323645361839
-3.9675562998754192
-4.283920233313322
-4.000596656745878
-2.7305631821387557
-1.1230825384724463
-0.22780685131759174
-6.629767122931635
-9.005286277662846
-9.800349028536239
-9.701757512776993
-9.02753460925054
-6.646670270104466
-3.456337456008441
-0.9831537418404357
-0.5210745629635959
-2.4620550303357356
-3.6192404866815737
-3.9063168180576353
-3.4246341325355734
-2.2448903551526844
-0.6973813741449618
0.029191844173829907
-2.556651133568311
-4.281551198584676
-5.2455715007516055
-5.644288397513604
-5.331874947047886
-3.4202164064593195
-1.3008111595767082
-0.08414851764277421
-2.7779495870117192
-5.3889680376009155
-6.413796471887862
-6.687992177026639
-6.285409385517113
-4.131169607971967
-1.8292041717481762
-0.43920835830963895
-0.49654824822294924
-1.2886199774400209
-1.7786745115028306
-1.7824479741391435
-1.4649491279124243
-0.9345633354175483
-0.205007755060663
0.08024095634770363
-2.0955968024616913
-2.9817731698664622
-3.438386808076674
-3.3733639489639513
-3.094076133803147
-2.267400107009181
-1.078784419129871
-0.24665527640869767
-2.3294088521057184
-3.3331610788549266
-3.7009940534841195
-3.651614868252078
-3.4191748669995934
-2.46380220362291
-1.1475314813637114
-0.24701540379451672
-1.0604890177361261
-1.871115184074658
-2.251097172187662
-2.2684223819376688
-2.0656316161545685
-1.4269532069628836
-0.5892859207811193
-0.11958533140193862
-2.607393331088299
-3.6370695233657666
-4.031904649520494
-4.030751162490493
-3.819928909022902
-2.8219210251797637
-1.508822423642455
-0.5438648113284018
-1.8559440244677148
-2.556776760882735
-2.780569060601872
-2.717884174529757
-2.521161044316276
-1.7580784738693287
-0.8426273055650826
-0.2217999586331154
-0.9733231858133278
-1.74909097622115
-1.7846377295216236
-1.6877258043458399
NaN
-0.9817796226144031
0.06368821018487679
0.11038780647965561
-1.6255808270218688
-2.3593168095783885
-2.613861380100348
-2.5909215963385015
-2.4297105182094785
-1.7508597358464628
-0.8816400421154741
-0.2557174476139906
-2.2248672959932474
-2.947380154577317
-3.219643445747875
-3.162754358310712
-2.9463755754063223
-2.0869855591741633
-1.0308532109493058
-0.30811783764427864
-1.705128072167294
-2.9676247244253933
-3.5344662170612704
-3.569705428214412
-3.2723633005952526
-2.353096312852767
-1.0361029512095057
-0.14786546775337575
-10.661232390674167
-11.585613451271103
-11.979839893676678
-11.891041534364918
-11.628342609861578
-10.954464522558041
-10.011193119278708
-9.350811746575108
-2.859087190955652
-4.0368115816580845
-4.542840486842955
-4.477615318856481
-4.009797507444957
-2.7740001709041286
-1.0680240202676552
-0.13008531395633227
-1.8987914057412794
-3.1972353503890005
-3.660477366123867
-3.634128325992818
-3.3742257071148574
-2.386509284582651
-0.9731117780126212
-0.022996259563143013
-2.047755453532774
-3.1197339100696095
-3.4693546909406905
-3.3338750585672563
-3.074337085193793
-2.1839307423319285
-0.9542888298046287
-0.12153048377158567
-1.5173775048709508
-1.9466463716266555
-2.0620856255506914
-1.9980688516574403
-1.8554949790392063
-1.2569815384053518
-0.5503806137804166
-0.05244343714902038
-1.089209665384048
-1.6642611092743236
-1.853937564435828
-1.8479361311146585
-1.7176764323716187
-1.1215573150756288
-0.4418312204196902
0.0319073894031755
-3.0998519149004573
-3.9571939927379067
-4.275217812999563
-4.245226710589775
-4.0153439340294925
-3.1385867277040145
-1.6107585624388758
-0.4705385021638199
-1.293002061037796
-2.3401658624034485
-2.7504310583442075
-2.8417852618572375
-2.691640869670613
-1.9277001179022224
-0.879100011173524
-0.09744794340570477
-2.2382056272951036
-3.1027628036452755
-3.45744896269513
-3.519260356202641
-3.3345196985906567
-2.52269618233605
-1.2973650055905377
-0.34473424282783915
-1.786136785780944
-2.8917536152545256
-3.321574627197148
-3.370937183402529
-3.182282187411089
-2.3040894287468037
-1.1871590512541927
-0.31691105853456997
-1.9165781483666477
-1.20199869783458
NaN
-2.8470388299282274
-1.769894091819492
-1.9435164194952201
-0.9333256993913588
-0.2174336255248052
-1.5674266814430438
-1.7702035165095857
-1.7830314947385288
-1.6916604112620985
-1.5492166212714424
-1.0684703046964634
-0.5047670473338008
-0.11281206198703556
-3.9913877739130994
-4.603057819263044
-4.752194243723105
-4.619974834373662
-4.3433081243020215
-3.2247081336276775
-1.7429839958573832
-0.5158148452838328
-3.7994580594396843
-4.273137997149475
-4.387018079484916
-4.274019333564966
-4.033504797473588
-3.0747779102771293
-1.673972877841247
-0.37155843281746037
-3.0847053536751012
-3.576485600244492
-3.688950461503196
-3.536852696548248
-3.2686498278555143
-2.4109090307999153
-1.3080515466273104
-0.38704158988489
-3.674252631946249
-4.288553759751417
-4.470023275719807
-4.407211695593518
-4.174899455170627
-3.054872697297579
-1.6649516202038457
-0.5238436347028088
-2.5597551695970813
-3.188563803489386
-3.398115162957724
-3.364039039706358
-3.1241228334681193
-2.209351822188465
-1.0401079646703717
-0.2064881115390894
-3.52301380131023
-4.8378372368080065
-5.304556217173332
-5.306564371483002
-5.04873366182547
-3.6369233765421294
-1.9225039041251375
-0.6043004541465382
-2.845030424628312
-3.7888230996358327
-4.103811972611991
-3.8811810037737438
-3.481621174119021
-2.289773689408099
-1.079317990031017
-0.29153704182794565
-2.6780086758942336
-2.8821318315146294
-2.876813378978689
-2.7527070334949446
-2.561671080069432
-1.8742428771868829
-0.9509801631130411
-0.11192357200179319
-5.024209480591077
-5.405588931271304
-5.403634679992537
-5.175415492527089
-4.82778284838345
-3.5924065703161387
-1.980925117538625
-0.5998655970452995
-2.5575542445334127
-2.9582838764579455
-3.0527917519378853
-2.9460355910443496
-2.7581034226306103
-2.0370765681175813
-0.8601771007546111
-0.07039220260044786
-2.9526321538923974
-3.4723481598990356
-3.58298527570384
-3.484384849282617
-3.2870434344125408
-2.4433164193264862
-1.2684100460737755
-0.2780300361286032
-2.1892991445839427
-3.2384721670346863
-3.6113336850044564
-3.629821480675749
-3.3465341114084683
-2.427301699395794
-1.0524818773894735
-0.14893235854758824
-2.462942767323492
-2.9063610207648933
-3.038150209935093
-2.9721887228917465
-2.791012755646698
-2.091563990355399
-0.9909691781550065
-0.1470197111267664
-4.583571154774307
-4.783507507578216
-4.728615091036189
-4.525091896767944
-4.24018555428047
-3.2595366401498094
-1.9635494560385502
-0.7910747429067202
-3.6467073086299595
-4.087374876352943
-4.225561645309904
-4.17157805005086
-3.9795585390153945
-3.1022747898990697
-1.815229483546864
-0.6270699319583815
