-5.50
-5.74
-5.69
-5.47
-5.16
-4.08
-2.53
-1.03
-5.91
-6.22
-6.20
-5.98
-5.66
-4.48
-2.76
-1.07
-8.07
-8.31
-8.18
-7.84
-7.37
-5.79
-3.55
-1.36
-8.22
-8.60
-8.60
-8.37
-8.00
-6.56
-4.33
-1.61
-5.99
-6.35
-6.37
-6.18
-5.86
-4.67
-2.88
-1.08
-8.47
-8.87
-8.84
-8.52
-8.05
-6.37
-3.91
-1.46
-8.50
-8.94
-8.97
-8.75
-8.37
-6.88
-4.19
-1.24
-5.45
-5.74
-5.72
-5.52
-5.23
-4.15
-2.56
-1.00
-3.47
-3.69
-3.69
-3.54
-3.32
-2.49
-1.41
-0.50
-4.14
-4.56
-4.63
-4.50
-4.26
-3.27
-1.55
-0.39
-5.13
-5.61
-5.76
-5.68
-5.44
-3.75
-1.69
-0.51
-7.88
-8.25
-8.20
-7.91
-7.47
-5.89
-3.58
-1.28
-5.97
-6.40
-6.49
-6.37
-6.12
-5.04
-3.27
-1.40
-7.80
-8.27
-8.33
-8.13
-7.77
-6.29
-4.02
-1.64
-8.41
-8.91
-9.02
-8.86
-8.54
-7.15
-4.83
-1.86
-5.27
-5.58
-5.61
-5.46
-5.22
-4.23
-2.72
-1.20
-16.66
-17.68
-17.82
-17.40
-16.65
-13.59
-8.83
-3.57
-7.83
-8.09
-7.98
-7.65
-7.20
-5.64
-3.47
-1.35
-8.12
-8.49
-8.45
-8.16
-7.75
-6.11
-3.79
-1.41
-19.23
-20.41
-20.57
-20.06
-19.15
-15.42
-9.92
-3.93
-15.87
-16.84
-16.96
-16.54
-15.81
-12.95
-8.47
-3.11
-19.16
-20.28
-20.45
-20.01
-19.18
-15.79
-10.44
-4.41
-18.59
-19.63
-19.83
-19.47
-18.74
-15.69
-10.67
-4.81
1.29
-1.04
-2.61
-2.98
-2.63
-1.91
-0.60
-0.01
0.04
-2.18
-3.40
-3.92
-3.78
-2.75
-1.20
-0.29
-5.66
-8.37
-9.39
-9.45
-8.90
-6.72
-3.55
-1.08
0.68
-1.63
-3.06
-3.55
-3.22
-2.28
-0.78
-0.03
-1.52
-3.54
-4.74
-5.33
-5.16
-3.48
-1.42
-0.21
-1.57
-4.55
-5.85
-6.35
-6.11
-4.17
-1.92
-0.53
-0.01
-0.94
-1.54
-1.63
-1.38
-0.94
-0.23
0.05
-1.83
-2.83
-3.36
-3.34
-3.10
-2.31
-1.08
-0.24
-1.83
-2.96
-3.42
-3.46
-3.30
-2.44
-1.13
-0.23
-0.59
-1.54
-2.02
-2.12
-1.97
-1.42
-0.60
-0.13
-2.95
-4.14
-4.64
-4.68
-4.46
-3.32
-1.71
-0.58
-2.25
-3.05
-3.30
-3.22
-2.98
-2.08
-0.96
-0.24
-1.42
-2.21
-2.23
-2.08
NaN
-1.20
0.00
0.11
-1.97
-2.80
-3.10
-3.09
-2.90
-2.08
-1.02
-0.29
-2.42
-3.27
-3.64
-3.62
-3.40
-2.44
-1.17
-0.33
-1.47
-2.95
-3.65
-3.77
-3.54
-2.62
-1.17
-0.21
-10.73
-11.78
-12.24
-12.18
-11.93
-11.21
-10.14
-9.41
-3.18
-4.49
-5.07
-5.06
-4.62
-3.23
-1.30
-0.27
-2.09
-3.56
-4.12
-4.15
-3.91
-2.85
-1.25
-0.20
-2.49
-3.63
-4.01
-3.88
-3.62
-2.62
-1.22
-0.31
-1.67
-2.18
-2.34
-2.30
-2.17
-1.51
-0.65
-0.09
-1.14
-1.81
-2.05
-2.07
-1.96
-1.32
-0.57
-0.06
-3.44
-4.38
-4.74
-4.74
-4.53
-3.59
-1.81
-0.55
-0.91
-2.15
-2.68
-2.85
-2.75
-2.04
-0.92
-0.11
-1.91
-2.93
-3.38
-3.52
-3.39
-2.65
-1.36
-0.36
-1.41
-2.72
-3.27
-3.40
-3.26
-2.44
-1.25
-0.34
-1.61
-1.08
NaN
-2.90
-1.87
-2.10
-1.02
-0.26
-1.49
-1.75
-1.81
-1.73
-1.60
-1.12
-0.52
-0.11
-3.85
-4.58
-4.84
-4.78
-4.54
-3.43
-1.89
-0.60
-3.78
-4.32
-4.50
-4.44
-4.23
-3.25
-1.76
-0.41
-3.30
-3.86
-4.02
-3.87
-3.59
-2.67
-1.47
-0.48
-3.63
-4.35
-4.62
-4.62
-4.41
-3.27
-1.79
-0.57
-2.49
-3.24
-3.54
-3.55
-3.32
-2.39
-1.12
-0.23
-3.31
-4.84
-5.46
-5.55
-5.33
-3.90
-2.06
-0.66
-2.44
-3.50
-3.95
-3.81
-3.45
-2.30
-1.06
-0.27
-2.71
-2.93
-2.94
-2.84
-2.65
-1.95
-0.98
-0.12
-4.89
-5.33
-5.38
-5.20
-4.89
-3.69
-2.03
-0.59
-3.06
-3.48
-3.58
-3.47
-3.27
-2.45
-1.08
-0.20
-3.34
-3.92
-4.06
-3.98
-3.78
-2.84
-1.48
-0.39
-1.99
-3.19
-3.65
-3.71
-3.47
-2.60
-1.18
-0.24
-2.52
-3.03
-3.19
-3.14
-2.97
-2.25
-1.04
-0.14
-4.48
-4.71
-4.68
-4.50
-4.24
-3.29
-1.97
-0.77
-3.49
-4.00
-4.20
-4.19
-4.04
-3.21
-1.88
-0.62
