-5.50
-5.71
-5.65
-5.42
-5.10
-3.98
-2.47
-1.02
-5.88
-6.17
-6.14
-5.91
-5.57
-4.36
-2.68
-1.06
-8.05
-8.27
-8.14
-7.80
-7.34
-5.73
-3.51
-1.35
-8.21
-8.56
-8.54
-8.28
-7.89
-6.40
-4.19
-1.59
-5.94
-6.28
-6.29
-6.08
-5.76
-4.53
-2.79
-1.07
-8.41
-8.79
-8.74
-8.43
-7.96
-6.26
-3.84
-1.45
-8.47
-8.87
-8.87
-8.63
-8.23
-6.70
-4.06
-1.23
-5.43
-5.70
-5.67
-5.47
-5.16
-4.05
-2.50
-0.99
-3.34
-3.54
-3.51
-3.36
-3.14
-2.37
-1.36
-0.50
-4.19
-4.55
-4.59
-4.43
-4.16
-3.15
-1.50
-0.39
-5.08
-5.52
-5.62
-5.50
-5.24
-3.58
-1.63
-0.51
-7.86
-8.21
-8.16
-7.85
-7.41
-5.81
-3.51
-1.27
-5.83
-6.23
-6.31
-6.18
-5.92
-4.83
-3.16
-1.39
-7.78
-8.20
-8.24
-8.02
-7.65
-6.14
-3.93
-1.63
-8.29
-8.75
-8.83
-8.65
-8.30
-6.88
-4.66
-1.84
-5.16
-5.47
-5.49
-5.33
-5.08
-4.11
-2.66
-1.19
-16.83
-17.77
-17.84
-17.38
-16.59
-13.42
-8.62
-3.52
-7.85
-8.08
-7.97
-7.64
-7.18
-5.59
-3.42
-1.34
-8.13
-8.48
-8.43
-8.13
-7.71
-6.04
-3.72
-1.40
-19.49
-20.60
-20.69
-20.12
-19.15
-15.32
-9.71
-3.85
-16.05
-16.95
-17.00
-16.54
-15.76
-12.76
-8.28
-3.08
-19.39
-20.43
-20.53
-20.03
-19.16
-15.66
-10.22
-4.35
-18.78
-19.75
-19.89
-19.47
-18.70
-15.53
-10.46
-4.75
0.53
-1.48
-2.84
-3.07
-2.62
-1.81
-0.58
-0.01
-0.76
-2.65
-3.65
-4.01
-3.78
-2.65
-1.17
-0.29
-5.99
-8.41
-9.26
-9.22
-8.61
-6.42
-3.44
-1.07
-0.12
-2.09
-3.30
-3.64
-3.21
-2.17
-0.75
-0.03
-2.07
-3.83
-4.84
-5.29
-5.04
-3.30
-1.36
-0.21
-2.22
-4.87
-5.95
-6.28
-5.95
-3.99
-1.87
-0.53
-0.34
-1.13
-1.62
-1.64
-1.34
-0.88
-0.22
0.05
-2.00
-2.87
-3.32
-3.26
-2.98
-2.19
-1.05
-0.24
-2.18
-3.18
-3.54
-3.50
-3.28
-2.36
-1.10
-0.23
-0.91
-1.71
-2.09
-2.12
-1.93
-1.35
-0.57
-0.13
-2.89
-3.90
-4.28
-4.26
-4.03
-2.99
-1.61
-0.58
-2.11
-2.79
-2.99
-2.91
-2.70
-1.89
-0.91
-0.24
-1.17
-1.93
-1.95
-1.84
NaN
-1.08
0.02
0.10
-1.83
-2.55
-2.79
-2.76
-2.58
-1.87
-0.94
-0.27
-2.37
-3.10
-3.37
-3.31
-3.09
-2.20
-1.11
-0.33
-1.71
-2.99
-3.57
-3.61
-3.33
-2.43
-1.12
-0.21
-10.76
-11.69
-12.09
-12.00
-11.74
-11.06
-10.11
-9.42
-3.04
-4.22
-4.73
-4.66
-4.19
-2.96
-1.25
-0.27
-2.04
-3.35
-3.83
-3.81
-3.56
-2.59
-1.18
-0.20
-2.34
-3.40
-3.73
-3.59
-3.32
-2.42
-1.18
-0.31
-1.68
-2.10
-2.20
-2.13
-1.97
-1.35
-0.61
-0.09
-1.24
-1.80
-1.98
-1.97
-1.83
-1.23
-0.55
-0.06
-3.25
-4.10
-4.41
-4.38
-4.14
-3.26
-1.72
-0.55
-1.27
-2.32
-2.73
-2.83
-2.68
-1.93
-0.89
-0.11
-2.22
-3.09
-3.44
-3.50
-3.32
-2.52
-1.30
-0.36
-1.79
-2.90
-3.33
-3.38
-3.19
-2.32
-1.21
-0.34
-2.01
-1.29
NaN
-2.93
-1.85
-2.01
-0.98
-0.25
-1.63
-1.82
-1.83
-1.73
-1.58
-1.09
-0.51
-0.11
-3.93
-4.57
-4.74
-4.63
-4.37
-3.28
-1.82
-0.59
-3.80
-4.27
-4.39
-4.28
-4.04
-3.09
-1.70
-0.41
-3.28
-3.77
-3.87
-3.72
-3.44
-2.56
-1.43
-0.48
-3.71
-4.33
-4.52
-4.46
-4.23
-3.12
-1.72
-0.57
-2.58
-3.21
-3.42
-3.40
-3.16
-2.25
-1.08
-0.23
-3.58
-4.90
-5.37
-5.38
-5.12
-3.72
-2.00
-0.65
-2.74
-3.69
-4.01
-3.80
-3.40
-2.22
-1.03
-0.26
-2.69
-2.90
-2.89
-2.76
-2.57
-1.88
-0.95
-0.12
-5.02
-5.40
-5.40
-5.17
-4.82
-3.59
-1.97
-0.59
-2.75
-3.15
-3.23
-3.12
-2.93
-2.20
-1.01
-0.20
-3.11
-3.62
-3.73
-3.63
-3.43
-2.58
-1.39
-0.38
-2.17
-3.22
-3.60
-3.62
-3.35
-2.47
-1.14
-0.24
-2.47
-2.91
-3.04
-2.97
-2.79
-2.09
-0.99
-0.14
-4.58
-4.78
-4.72
-4.52
-4.23
-3.24
-1.94
-0.77
-3.60
-4.04
-4.18
-4.12
-3.94
-3.07
-1.80
-0.62
