-5.49
-5.71
-5.66
-5.43
-5.10
-3.99
-2.47
-1.01
-5.87
-6.17
-6.14
-5.92
-5.58
-4.37
-2.68
-1.05
-8.00
-8.23
-8.11
-7.77
-7.31
-5.71
-3.49
-1.34
-8.22
-8.59
-8.57
-8.33
-7.94
-6.45
-4.20
-1.57
-5.95
-6.30
-6.31
-6.11
-5.78
-4.56
-2.79
-1.06
-8.37
-8.75
-8.70
-8.39
-7.92
-6.23
-3.82
-1.43
-8.49
-8.91
-8.92
-8.68
-8.29
-6.76
-4.07
-1.21
-5.43
-5.71
-5.69
-5.49
-5.18
-4.07
-2.50
-0.99
-3.34
-3.53
-3.50
-3.35
-3.12
-2.34
-1.33
-0.49
-4.20
-4.57
-4.60
-4.44
-4.16
-3.13
-1.47
-0.38
-5.06
-5.52
-5.63
-5.52
-5.26
-3.56
-1.59
-0.49
-7.84
-8.20
-8.15
-7.85
-7.41
-5.80
-3.50
-1.26
-5.86
-6.27
-6.35
-6.21
-5.95
-4.85
-3.15
-1.37
-7.74
-8.17
-8.21
-7.99
-7.61
-6.10
-3.89
-1.61
-8.33
-8.79
-8.87
-8.69
-8.33
-6.89
-4.63
-1.82
-5.18
-5.49
-5.52
-5.36
-5.11
-4.13
-2.67
-1.19
-16.89
-17.85
-17.94
-17.49
-16.71
-13.54
-8.72
-3.54
-7.78
-8.04
-7.93
-7.60
-7.15
-5.57
-3.39
-1.32
-8.05
-8.41
-8.37
-8.08
-7.67
-6.01
-3.69
-1.38
-19.49
-20.62
-20.73
-20.18
-19.23
-15.41
-9.79
-3.87
-16.03
-16.96
-17.04
-16.59
-15.83
-12.85
-8.35
-3.08
-19.40
-20.46
-20.59
-20.10
-19.25
-15.77
-10.31
-4.36
-18.78
-19.78
-19.94
-19.54
-18.78
-15.63
-10.55
-4.77
1.06
-0.99
-2.39
-2.65
-2.25
-1.57
-0.48
0.01
-0.19
-2.12
-3.15
-3.56
-3.37
-2.36
-1.05
-0.27
-5.63
-8.11
-8.99
-8.98
-8.38
-6.22
-3.32
-1.04
0.42
-1.59
-2.83
-3.21
-2.82
-1.92
-0.64
-0.01
-1.62
-3.41
-4.45
-4.93
-4.71
-3.06
-1.24
-0.18
-1.72
-4.42
-5.54
-5.92
-5.62
-3.76
-1.76
-0.51
0.01
-0.81
-1.33
-1.38
-1.12
-0.74
-0.16
0.07
-1.75
-2.64
-3.11
-3.06
-2.80
-2.05
-0.98
-0.22
-1.95
-2.98
-3.37
-3.35
-3.14
-2.26
-1.05
-0.22
-0.58
-1.41
-1.81
-1.86
-1.70
-1.19
-0.50
-0.11
-3.47
-4.31
-4.52
-4.36
-4.02
-2.83
-1.48
-0.54
-2.46
-3.01
-3.10
-2.93
-2.65
-1.76
-0.82
-0.22
-1.33
-2.01
-1.96
-1.79
NaN
-0.97
0.08
0.11
-2.18
-2.77
-2.89
-2.77
-2.53
-1.73
-0.84
-0.24
-2.78
-3.38
-3.52
-3.35
-3.04
-2.05
-0.99
-0.30
-1.74
-2.95
-3.47
-3.46
-3.14
-2.23
-1.01
-0.19
-10.74
-11.62
-11.97
-11.85
-11.57
-10.90
-10.02
-9.39
-3.24
-4.34
-4.76
-4.61
-4.08
-2.79
-1.15
-0.25
-2.21
-3.45
-3.86
-3.77
-3.47
-2.44
-1.08
-0.17
-2.49
-3.48
-3.76
-3.56
-3.25
-2.31
-1.11
-0.31
-1.84
-2.20
-2.24
-2.11
-1.92
-1.25
-0.54
-0.07
-1.28
-1.81
-1.95
-1.92
-1.77
-1.16
-0.52
-0.06
-3.54
-4.32
-4.55
-4.45
-4.15
-3.16
-1.62
-0.53
-1.16
-2.23
-2.64
-2.73
-2.58
-1.82
-0.83
-0.10
-2.12
-3.00
-3.36
-3.41
-3.22
-2.40
-1.22
-0.34
-1.66
-2.79
-3.22
-3.27
-3.08
-2.20
-1.14
-0.32
-1.91
-1.24
NaN
-2.92
-1.84
-1.97
-0.95
-0.24
-1.61
-1.82
-1.84
-1.74
-1.59
-1.09
-0.50
-0.11
-3.87
-4.52
-4.70
-4.59
-4.33
-3.23
-1.76
-0.57
-3.82
-4.30
-4.41
-4.29
-4.04
-3.05
-1.66
-0.40
-3.20
-3.69
-3.81
-3.65
-3.37
-2.48
-1.36
-0.46
-3.62
-4.24
-4.43
-4.37
-4.14
-3.01
-1.64
-0.54
-2.43
-3.07
-3.29
-3.26
-3.02
-2.12
-0.99
-0.21
-3.44
-4.77
-5.23
-5.22
-4.96
-3.55
-1.89
-0.63
-2.75
-3.74
-4.09
-3.87
-3.47
-2.24
-1.02
-0.26
-2.71
-2.91
-2.91
-2.78
-2.59
-1.90
-0.96
-0.12
-5.01
-5.42
-5.43
-5.21
-4.86
-3.61
-1.96
-0.58
-2.92
-3.27
-3.31
-3.15
-2.92
-2.12
-0.94
-0.18
-3.31
-3.77
-3.82
-3.67
-3.42
-2.50
-1.32
-0.36
-2.06
-3.11
-3.48
-3.50
-3.22
-2.34
-1.06
-0.22
-2.44
-2.88
-3.00
-2.93
-2.73
-2.01
-0.93
-0.13
-4.56
-4.77
-4.72
-4.52
-4.24
-3.25
-1.94
-0.77
-3.49
-3.94
-4.09
-4.04
-3.84
-2.97
-1.71
-0.59
