-5.769953851869593
-5.939794935801223
-5.835661637035574
-5.568943768399397
-5.214006166491388
-4.0380698627153615
-2.4804289331063023
-1.0214614092245482
-6.192690600942392
-6.425439148374527
-6.342838569931727
-6.071770369658033
-5.695251540962969
-4.4077123850248014
-2.6806281494487165
-1.051910781449252
-8.248919308505457
-8.43483133717883
-8.274335995783025
-7.90452517554363
-7.418162527935924
-5.765089088358127
-3.513674020109285
-1.3530999784864182
-8.6551218857012
-8.936119349136856
-8.848715189287285
-8.538644920110393
-8.095109448000386
-6.495101432499286
-4.195064582415089
-1.5773142152697723
-6.300546910612121
-6.5829368792678515
-6.534397489345376
-6.285157252395657
-5.918963456780358
-4.6104754776397625
-2.80240317349895
-1.0642634843690872
-8.658561450752037
-8.991611413262017
-8.903110681438964
-8.55380202349674
-8.058770778316518
-6.315083533101432
-3.857537092179421
-1.4504255576203102
-8.918677799210853
-9.252620455993315
-9.1954435929473
-8.899658252429155
-8.458315987009216
-6.814348518770765
-4.072849235279843
-1.217351646788227
-5.76212912839876
-5.9785017616943765
-5.906153488051173
-5.660845285229485
-5.317473929203388
-4.133679455736322
-2.5188263343271973
-0.9938035735430518
-3.490892996121969
-3.6487263815859867
-3.5904324897468722
-3.413506138957688
-3.176229298316451
-2.372238474896522
-1.3579092702110707
-0.5002589599273177
-4.424123125899211
-4.727638687049493
-4.715548345643087
-4.516466785587217
-4.2135299132378
-3.1520693860655187
-1.491836947317681
-0.3894368544763006
-5.474183885328793
-5.83036345306319
-5.861273981624383
-5.685639546359824
-5.379539338392951
-3.591204765104745
-1.6157237901595864
-0.49710861376395626
-8.174232622557506
-8.465953399035854
-8.359949307679738
-8.013214942675926
-7.532750252136697
-5.850640402364969
-3.5032423732382556
-1.2601960787614448
-6.188684834510792
-6.53990306507837
-6.565499408169635
-6.388162854729931
-6.088834598412295
-4.923783881513099
-3.18979660766355
-1.388973162015765
-7.991426010403834
-8.381435655115975
-8.386071817076482
-8.143943076882753
-7.747980630817685
-6.193662549642687
-3.956813471311244
-1.6362085704326097
-8.620164990811439
-9.02926672232047
-9.060680826879109
-8.838099619527629
-8.454636274231948
-6.9584191258503365
-4.683615730409464
-1.8472765564137217
-5.4986618818969655
-5.755913212472498
-5.732108533056843
-5.53735283181445
-5.249856571412054
-4.201972201470077
-2.6989271276362543
-1.2007864759127318
-17.530181910796625
-18.388809754603432
-18.387856756647523
-17.854208607577817
-17.00105508954207
-13.67035961907114
-8.720718601718174
-3.53308569723622
-8.00327300385564
-8.209768959254534
-8.06743291256475
-7.710084295549112
-7.229880083998385
-5.598051526391481
-3.4027012497248696
-1.3372526152142998
-8.340787818361642
-8.650749716717463
-8.567808400906287
-8.241114351555268
-7.788096026198313
-6.083227366226267
-3.715855600135992
-1.387364981920054
-20.395263444264632
-21.407192301507486
-21.412683821028796
-20.757408614549988
-19.715973782104143
-15.674187309074801
-9.864264585213842
-3.8809440563914084
-16.67998069710758
-17.495137290152552
-17.479536475161296
-16.946669261058773
-16.104932704515978
-12.967213194263753
-8.355131983857055
-3.0897207193233585
-20.164399369077938
-21.115664735029437
-21.142161679094187
-20.567467225051157
-19.63106058195522
-15.959018413272652
-10.345975508627635
-4.362012912587863
-19.435484726455538
-20.331749681573896
-20.3969398345575
-19.912605170523214
-19.083768504740025
-15.760355464441782
-10.549554802149387
-4.761892897322976
0.6090988271980817
-1.3698350787373752
-2.7845489109129713
-3.0412354206967644
-2.591595039012894
-1.8708718360754701
-0.6156650813823297
-0.005265930031638561
-0.7911933421197624
-2.594984277871207
-3.5795290188832407
-3.961846407248625
-3.739183498211896
-2.662042148623059
-1.198191977234121
-0.29108247432869794
-7.147940398040022
-9.295511449144874
-9.92055151504058
-9.71468225287276
-8.972992970203885
-6.59424804276363
-3.51960761969191
-1.0906675570495625
-0.12331831967207689
-2.0197781530074357
-3.2348885258787767
-3.6066963935075913
-3.1801694273302017
-2.210130372605646
-0.778372391992201
-0.02186046828171777
-2.671950829497035
-4.219554125158734
-5.11904416277634
-5.533603465543566
-5.244195436257543
-3.420473434131316
-1.4216481204199098
-0.2182709108070806
-3.0199269720800896
-5.3812072572969
-6.284935114222488
-6.542939267359678
-6.159636815353699
-4.099276902273918
-1.9163555709204225
-0.5412313442785887
-0.2834685938636406
-1.0439261686853663
-1.560834950411352
-1.6049364711891396
-1.3183601389899784
-0.9171886779497915
-0.24211499778673642
0.054926615768637124
-2.179073446168148
-2.967413755906661
-3.37587492621116
-3.2833703732156176
-2.9957290327471706
-2.2096802604106345
-1.0668064018236945
-0.23719783722150375
-2.4576039207377907
-3.362959912482289
-3.668839676535943
-3.5868154650960244
-3.3409403078960866
-2.4049896756047735
-1.1281390687145096
-0.2333555996287702
-0.906738456846495
-1.6721100546146248
-2.0482062559910865
-2.083359435685535
-1.9055053128243937
-1.3677988120489306
-0.6015762493078816
-0.13047612658940955
-3.185046866553498
-4.071911423098725
-4.364386653655577
-4.295891850002646
-4.03715338583755
-2.973119004999911
-1.6182158166356564
-0.5925166508729813
-2.308722202151743
-2.9184502326260247
-3.0773789350587974
-2.9684632646945617
-2.7367327878769223
-1.9098634255429447
-0.9345658454359211
-0.25356509173087655
-1.262297355409962
-1.9985089864596406
-2.0053072934578484
-1.8864828794765343
NaN
-1.11270655164429
-0.010702605232832127
0.09199507843307254
-2.009955880122107
-2.6624777026437356
-2.8598788563309676
-2.797656569909635
-2.6089682531931113
-1.8782037139837413
-0.9592053000708904
-0.27011193930192723
-2.5960469016172425
-3.2428858143634107
-3.4492203116776725
-3.3482151452794695
-3.1049609676824916
-2.2041460075485233
-1.1149904961677892
-0.34465323142372706
-1.8747015862659375
-3.0745782369168726
-3.609176873861693
-3.631621113741958
-3.3354993029036137
-2.4562372061609286
-1.1572180240823533
-0.21609960413499302
-10.84295749104485
-11.729657702966035
-12.104770723244663
-12.004887040934877
-11.740586587969677
-11.080745688737812
-10.122791265119616
-9.399759080057553
-3.619408721806004
-4.619542355157372
-4.9985006878420375
-4.841424956729281
-4.299222856020941
-3.015436266679918
-1.2842138602377549
-0.2777114497862873
-2.5947444439137923
-3.740474472465141
-4.094404545919644
-3.9935243165903986
-3.688867881343174
-2.6569908267183884
-1.2211408598872522
-0.21055982917539
-2.780168145071944
-3.7118944495701167
-3.9599277356784826
-3.753265992457181
-3.4465740434833285
-2.5032970553544835
-1.2381651163182514
-0.34483012618422026
-1.6619173004117942
-2.023549356606703
-2.099649757573996
-2.0136182109198155
-1.8577004221680486
-1.2589777072843282
-0.5662860844152656
-0.06844811697055143
-1.2818883746618353
-1.7988088280316636
-1.958041244818814
-1.9397368700289064
-1.8084837618138954
-1.2279830924968007
-0.556963308708513
-0.06703383720086563
-3.7055781322133816
-4.423953823981526
-4.638682760206992
-4.532428355511244
-4.248656800290712
-3.298604283727753
-1.7438496445354292
-0.5655072829989228
-1.243843131453997
-2.2519989653692636
-2.645481119345206
-2.735085953241448
-2.59052890120725
-1.8720913998142121
-0.8777172950902001
-0.11138454176409275
-2.290460309739141
-3.0852878075079837
-3.3943362410205262
-3.4296751005977364
-3.2333602277310773
-2.440967276622525
-1.270757870994237
-0.3489670420277356
-1.7506037121711142
-2.813133953933915
-3.2231328977895184
-3.2670272150895086
-3.0809362208657376
-2.2459696079075453
-1.1865383820921815
-0.33257399691973716
-1.9894571063805055
-1.2182646095975125
NaN
-2.8178680073154396
-1.7308563176679612
-1.9189613648020964
-0.9445441797856783
-0.24537804456244663
-1.5934349214715309
-1.7746331653001843
-1.7725709824734046
-1.6717855069641825
-1.5241557943493518
-1.0427898126446795
-0.490152550978949
-0.1070158241236146
-4.269017459288871
-4.8052192562302345
-4.901650258522131
-4.733901164100591
-4.433516621875
-3.2876458430667146
-1.8139974323612689
-0.5922059084172226
-3.968507854543788
-4.389387929980902
-4.465323233299915
-4.326110863664422
-4.069059771190573
-3.0981196135477167
-1.714143933229078
-0.42162185383945844
-3.3392585837974544
-3.7732798899643956
-3.845468274332381
-3.6642193277990853
-3.3761674081679987
-2.496397217389446
-1.3936769066889028
-0.47156887192452257
-3.8654358617139217
-4.404579922857159
-4.533993739460632
-4.439609169514967
-4.1895396793988375
-3.0541946738238277
-1.6890996097939381
-0.5624951770652086
-2.6005409955818997
-3.1802297309512055
-3.3628420035593
-3.318514077560167
-3.0784554267872064
-2.192761613765335
-1.0591662915226248
-0.22601230107581838
-3.665089745523632
-4.904651885082545
-5.328351860476473
-5.313641229748243
-5.053308265204833
-3.659503158395444
-1.9801099833180797
-0.6516819017080234
-2.984830205443835
-3.8719952133097455
-4.122975783710235
-3.857366786247253
-3.431970842286953
-2.216454471070166
-1.0158880625585345
-0.2614840670679958
-2.853182770562891
-3.019896224125399
-2.9829117221743395
-2.832423141302833
-2.6199366084949407
-1.8915461868475694
-0.9466304589778867
-0.10876280917256433
-5.3050238996396315
-5.61472726431065
-5.554630350867593
-5.280332299030315
-4.896662377759201
-3.6000897277716106
-1.9661723181664363
-0.5886596040443288
-3.0346136319826003
-3.346229016545324
-3.372415155357705
-3.2136964174559335
-2.986371179303365
-2.214326274313418
-1.0177073993844505
-0.20421784673298646
-3.4371271464749595
-3.852327888957159
-3.886170453346088
-3.730808072814933
-3.4947405047951974
-2.605364343464728
-1.413770811621416
-0.3918997017714241
-2.43369595333442
-3.3742895247330478
-3.6810488054025337
-3.6652771824629498
-3.3774196651116255
-2.4838963595991723
-1.1537126332773509
-0.24414316958054424
-2.6091192318598564
-2.9832599269171536
-3.064557169163895
-2.964710258877864
-2.762193087050319
-2.0473219075588984
-0.9667585631815966
-0.13519336274171873
-4.594081114748264
-4.778803009889757
-4.711266726227803
-4.497609700868965
-4.205082763575152
-3.2137512617225488
-1.9229307357488132
-0.7711987091170337
-3.8010647962032684
-4.175562041906097
-4.2634409123233485
-4.172863815948877
-3.9554723590501957
-3.0492267478019324
-1.7816280708631798
-0.6194807753343643
