-4.57
-4.88
-4.89
-4.72
-4.45
-3.46
-2.11
-0.87
-5.19
-5.55
-5.57
-5.38
-5.08
-3.94
-2.39
-0.95
-6.49
-6.87
-6.88
-6.65
-6.28
-4.92
-2.98
-1.14
-7.63
-8.06
-8.08
-7.84
-7.46
-5.99
-3.83
-1.44
-5.28
-5.69
-5.75
-5.58
-5.28
-4.14
-2.52
-1.01
-6.97
-7.47
-7.54
-7.34
-6.97
-5.5
-3.35
-1.27
-7.63
-8.14
-8.22
-8.02
-7.66
-6.18
-3.65
-1.1
-4.59
-4.95
-5
-4.85
-4.59
-3.59
-2.2
-0.91
-2.81
-3.04
-3.04
-2.9
-2.69
-1.98
-1.1
-0.39
-3.7
-4.09
-4.15
-4.01
-3.75
-2.79
-1.31
-0.39
-4.95
-5.36
-5.41
-5.24
-4.94
-3.21
-1.4
-0.46
-6.75
-7.2
-7.25
-7.03
-6.66
-5.22
-3.15
-1.2
-5.67
-6.11
-6.18
-6.03
-5.74
-4.6
-2.95
-1.3
-6.81
-7.34
-7.45
-7.29
-6.97
-5.61
-3.55
-1.49
-8.02
-8.53
-8.62
-8.45
-8.1
-6.66
-4.42
-1.77
-4.7
-5.06
-5.12
-4.98
-4.74
-3.79
-2.45
-1.13
-15.7
-16.9
-17.18
-16.86
-16.17
-13.15
-8.35
-3.33
-6.39
-6.8
-6.83
-6.62
-6.27
-4.93
-3.01
-1.19
-6.78
-7.31
-7.4
-7.23
-6.88
-5.48
-3.38
-1.33
-17.45
-18.79
-19.09
-18.72
-17.94
-14.56
-9.21
-3.59
-14.93
-16.03
-16.26
-15.94
-15.26
-12.42
-8
-3
-17.9
-19.19
-19.49
-19.15
-18.41
-15.14
-9.86
-4.15
-17.7
-18.89
-19.19
-18.9
-18.22
-15.21
-10.23
-4.65
-0.23
-2.07
-2.74
-2.8
-2.58
-1.54
-0.49
-0.06
-1.32
-3.17
-3.83
-3.86
-3.58
-2.36
-0.96
-0.24
-7.86
-9.5
-9.82
-9.43
-8.69
-6.07
-3.1
-0.99
-0.73
-2.69
-3.37
-3.4
-3.13
-1.97
-0.72
-0.15
-3.53
-5.22
-5.71
-5.55
-5.08
-3.29
-1.36
-0.25
-3.74
-6.17
-6.81
-6.58
-5.97
-3.87
-1.78
-0.53
-0.26
-1.13
-1.41
-1.4
-1.26
-0.69
-0.17
-0.01
-2.57
-3.24
-3.38
-3.24
-2.96
-1.99
-0.93
-0.25
-2.79
-3.56
-3.74
-3.59
-3.29
-2.23
-1.04
-0.27
-0.89
-1.62
-1.86
-1.83
-1.67
-1.03
-0.37
-0.05
-2.86
-3.62
-3.77
-3.61
-3.3
-2.24
-1.05
-0.27
-1.85
-2.49
-2.61
-2.48
-2.25
-1.5
-0.7
-0.18
-1.45
-1.74
-1.77
-1.68
0
-1.05
-0.5
-0.14
-1.61
-2.25
-2.41
-2.33
-2.14
-1.47
-0.71
-0.19
-2.24
-2.84
-3
-2.86
-2.6
-1.71
-0.79
-0.2
-2.16
-3.24
-3.57
-3.47
-3.17
-2.07
-0.9
-0.19
-1.86
-2.68
-2.89
-2.8
-2.57
-1.7
-0.77
-0.19
-3.83
-4.69
-4.84
-4.6
-4.08
-2.44
-0.98
-0.21
-3.05
-3.97
-4.13
-3.92
-3.54
-2.29
-1.02
-0.25
-2.87
-3.6
-3.7
-3.49
-3.15
-2.05
-0.92
-0.23
-1.66
-1.97
-1.99
-1.86
-1.67
-1.09
-0.49
-0.12
-1.13
-1.63
-1.75
-1.68
-1.52
-0.98
-0.42
-0.1
-3.75
-4.21
-4.24
-4.05
-3.73
-2.63
-1.19
-0.29
-1.64
-2.58
-2.87
-2.82
-2.6
-1.77
-0.83
-0.22
-2.53
-3.31
-3.53
-3.45
-3.22
-2.29
-1.18
-0.37
-2.09
-3.04
-3.32
-3.26
-3.02
-2.1
-1.05
-0.33
-1.87
-2.65
0
-2.79
-2.58
-1.79
-0.89
-0.27
-1.21
-1.47
-1.52
-1.46
-1.35
-0.93
-0.46
-0.14
-3.97
-4.58
-4.7
-4.55
-4.25
-3.13
-1.7
-0.55
-3.79
-4.27
-4.36
-4.23
-3.97
-2.97
-1.65
-0.48
-2.8
-3.21
-3.27
-3.13
-2.9
-2.1
-1.16
-0.42
-3.45
-4.05
-4.19
-4.07
-3.8
-2.8
-1.53
-0.52
-2.51
-3.09
-3.23
-3.12
-2.86
-1.95
-0.94
-0.26
-3.75
-4.96
-5.28
-5.14
-4.78
-3.41
-1.8
-0.62
-2.8
-3.82
-4.15
-3.89
-3.45
-2.18
-1.01
-0.28
-2.52
-2.8
-2.85
-2.76
-2.6
-1.98
-1.17
-0.46
-4.28
-4.78
-4.86
-4.69
-4.39
-3.26
-1.77
-0.56
-2.7
-2.9
-2.88
-2.73
-2.52
-1.79
-0.78
-0.17
-3.15
-3.5
-3.51
-3.32
-3.04
-2.12
-1.04
-0.27
-2.73
-3.6
-3.8
-3.65
-3.34
-2.24
-1.02
-0.26
-2.6
-2.95
-2.99
-2.85
-2.63
-1.86
-0.88
-0.19
-3.54
-3.91
-3.99
-3.89
-3.68
-2.84
-1.67
-0.62
-3.45
-3.88
-3.97
-3.85
-3.62
-2.71
-1.5
-0.49
