-4.45627285926034
-4.814074600505519
-4.877445165637296
-4.759514387217679
-4.535580270466185
-3.657967894880548
-2.358178633746961
-1.0220622491049776
-4.867461120933987
-5.278393170702979
-5.35432106944416
-5.223776544356944
-4.971063609842777
-3.9697963815039277
-2.4984295307808955
-0.993110678108114
-7.005510978012228
-7.304304408432906
-7.247654715680102
-6.974349257565288
-6.577835733106559
-5.156405672094453
-3.167845840839293
-1.213253699253492
-7.165378433906416
-7.622087892712072
-7.69198787726124
-7.523034091053227
-7.2051217791601285
-5.904735317727595
-3.906438994073388
-1.4766275096741759
-5.139025304326649
-5.578945257843203
-5.672723403112431
-5.551480443941618
-5.2988515328750125
-4.252694318691486
-2.684127076884846
-1.0638161332094458
-7.678256913571235
-8.09497026649936
-8.084601998035884
-7.81046910655432
-7.386983111749327
-5.830162085407314
-3.608772820802111
-1.4056124416356084
-7.642340557436951
-8.118188538749466
-8.191264346327273
-8.015506856572188
-7.684314446199417
-6.317871994840253
-3.9062272725215
-1.2485102296698423
-4.438790333023341
-4.827653205002177
-4.910490291589925
-4.804417487993738
-4.584213284743665
-3.6821719210345503
-2.3106155223428115
-0.9071768346278086
-2.7959591580735577
-3.0645801987539034
-3.102273848627689
-3.008274694703815
-2.8432498050941795
-2.200696527821226
-1.3107756886961122
-0.49061891567066646
-3.705368230461152
-4.101930261366251
-4.172651278683152
-4.048730738621879
-3.8127269882560033
-2.912277865870323
-1.4427607234336133
-0.39596401483881116
-4.693879581348863
-5.151624869278528
-5.270888978824656
-5.1774296081448865
-4.943028202008213
-3.4082862053540457
-1.6229326762847638
-0.5377871984283933
-6.839543695377528
-7.2731458255423735
-7.2926481150076174
-7.058169337012645
-6.678507441236929
-5.242276074441935
-3.155654093979014
-1.1027831870830225
-5.046822896920657
-5.525921876879673
-5.674661150913164
-5.6134390510749395
-5.421005321348857
-4.5159918867902284
-3.034316820225565
-1.3769118115164107
-7.203365883458118
-7.627635511504728
-7.67114698558899
-7.472750163321402
-7.124555333881685
-5.724905231745508
-3.7101303335051
-1.6140819755786926
-7.634078522951307
-8.119080668298356
-8.226974628520118
-8.082044083098216
-7.773017047658835
-6.473945970578322
-4.456768152124924
-1.841467203610001
-4.179320318821123
-4.589449721816423
-4.704390921849423
-4.636367691252353
-4.463150546154729
-3.681641738653303
-2.407641905178583
-1.0296096763491749
-15.819323865677205
-16.82035056986668
-16.962690067855135
-16.57236051907068
-15.860312000553611
-12.917125802380367
-8.434350853559083
-3.5741653229702948
-6.971637728438462
-7.273418666455855
-7.220346590789896
-6.947092149148743
-6.54582455376193
-5.118957566522716
-3.148914082581762
-1.233208987453156
-7.610106988902156
-7.980097841467368
-7.955476270828116
-7.685987134185536
-7.349893251056317
-5.742416874456019
-3.6382231986964144
-1.4584508329707606
-17.86929279447252
-19.093368137418192
-19.29791649316325
-18.832199895639306
-17.97098219669635
-14.419913221004158
-9.207609047174959
-3.7599438804783576
-14.866267902825513
-15.837177940033877
-15.971765003585364
-15.584384809865103
-14.882520511427755
-12.120589409396581
-7.956208699313261
-3.0636945325471334
-18.012809122885674
-19.141192606356956
-19.339630906916028
-18.932090606103976
-18.156766841034415
-14.922769440672209
-9.853120715660287
-4.324666024187187
-17.64167720792287
-18.679516853073004
-18.884565772682887
-18.537948187092457
-17.843131128466347
-14.889289325493834
-10.14257549437179
-4.743536815796109
-1.4717683937196542
-2.671523997873359
-3.4206840889077843
-3.2696673964538516
-2.6289578033803225
-1.61442723105683
-0.42350356504952974
0.048395878612333375
-2.8291124038035074
-3.941072721767969
-4.3533704821171755
-4.302350549133165
-3.824962033216342
-2.4526559495104343
-0.9874602732993135
-0.2147086676708276
-8.50985800747092
-10.209609394297924
-10.489154801925656
-10.011655405142639
-9.086195719275372
-6.429961856698447
-3.28997728995076
-0.9036698750223097
-2.219718584665884
-3.3646390010852616
-3.9488314940965235
-3.876377485181415
-3.234564417501391
-1.9756155128680555
-0.5822808495960057
0.03155987488799267
-4.282359743976897
-5.263358243341304
-5.6483741086719865
-5.6141732993954125
-5.0523023683038435
-3.000089028061988
-1.0144353792660823
0.07617865131820015
-4.869849545680076
-6.578856251014161
-6.948106015440329
-6.770858380034396
-6.104797109616619
-3.83016069429545
-1.6459576130305291
-0.357860099571403
-1.0264117022320525
-1.456428057707983
-1.6908522424087498
-1.5559957264815145
-1.206340118836873
-0.7159354347453853
-0.12668164242772437
0.0770978265239484
-2.5410264732375407
-3.1676312955356845
-3.432730504685015
-3.2522090920684876
-2.9193874801013857
-2.106039367987995
-1.0453976773073395
-0.2763208898877458
-2.828224980593685
-3.602666342472338
-3.804258440520194
-3.6494800826313356
-3.3637502600741045
-2.418527492055414
-1.2028635934705527
-0.3368722453081755
-1.620741540366764
-2.1033508056456527
-2.254923847573743
-2.133398446617675
-1.8701800074070354
-1.2476873143593468
-0.5331591312911831
-0.14153076440259832
-2.2752984373062946
-3.1899743182003015
-3.540595097460853
-3.535839771510207
-3.363290923492686
-2.562875771855905
-1.502378722003914
-0.5865233124107788
-1.2539603963145374
-1.9642466813093544
-2.2335504517846854
-2.2322803108096703
-2.1095874293639407
-1.564010522458665
-0.8542081096659166
-0.26527390766938486
-0.3232035932770584
-1.1760985775923303
-1.2918722310644968
-1.275948813690827
NaN
-0.862879280008825
0.012690930296590807
0.035712854981072045
-1.1164950117547465
-1.8282408826571925
-2.1089532060153253
-2.1361702793476702
-2.0375409875323527
-1.5629000197864586
-0.9015281241146271
-0.333770091831084
-1.7585857521378552
-2.441754612188726
-2.727538212254986
-2.709899373527646
-2.5483190063338297
-1.8899318571876726
-1.0292072548242748
-0.34550520039329446
-1.9980687889143378
-2.9531625872728067
-3.3060053131313163
-3.215960846413363
-2.862554178202218
-2.0128627528268277
-0.8998395601439204
-0.10111523149705653
-9.995023341844567
-10.745819223355152
-11.045408523438386
-10.91778574300816
-10.655343532461306
-10.124660677165647
-9.399415142380752
-8.821095004148903
-2.7177041422396098
-3.633864583934952
-3.966749323310448
-3.800241567141591
-3.290682547390934
-2.1881201806619104
-0.7051820012771183
0.14672678991470617
-1.5694997829072626
-2.645820036949593
-2.9727573087779255
-2.8770311873249086
-2.5979599882843685
-1.726741615664948
-0.5271499795696611
0.32569511777263904
-1.615420138530477
-2.5254399026605197
-2.7773401503275035
-2.5940261343923483
-2.335258240038227
-1.5673995731055053
-0.5261235631416232
0.21968506509056154
-1.212068962279393
-1.614146734557438
-1.71899118927478
-1.6671752610885056
-1.5600756017912243
-1.0798678134199517
-0.4990671948340025
-0.011146065865333383
-0.7030046077750298
-1.196651819124097
-1.3475945910362366
-1.3406950668223807
-1.234565787424897
-0.7638161912293873
-0.2146127215535092
0.22568059979320265
-2.8044872563972154
-3.566829177978177
-3.820265379360936
-3.759325658582699
-3.5266040312944646
-2.753054296948543
-1.451925115877955
-0.3828478217101239
-1.652612283214555
-2.4848565111248324
-2.7370717682600816
-2.7311643985134695
-2.531264629468338
-1.7639311875429637
-0.8152295096079496
-0.07065939593915002
-2.5417900889504326
-3.2415271318667433
-3.4724918594384846
-3.453322149757383
-3.2179063125698617
-2.389435170801613
-1.2565867097410945
-0.34414990645219556
-2.1856289699710163
-3.0717816803012497
-3.3431159443772884
-3.292001508545665
-3.051506488020357
-2.161753319296081
-1.1437740830126324
-0.31246371398647793
-2.035707029744412
-0.9959439439954715
NaN
-2.764123743997651
-1.6584879637529306
-1.8548485820127545
-0.9100623092682858
-0.19207222176907401
-1.2960233913579173
-1.5441005403880264
-1.5970083969696527
-1.5407702246330328
-1.4293762074655358
-1.0236634010636372
-0.5179756725201983
-0.1255043727923938
-3.97213190725143
-4.455591572708307
-4.5129039149486
-4.320548937625254
-4.012844440143315
-2.9061412043272856
-1.5378044288428274
-0.40676451145699055
-3.60538006788419
-4.01360366330399
-4.082084536240363
-3.9433638826221573
-3.694174097386836
-2.7823080135260394
-1.5177672507018554
-0.3063854108053335
-2.7064007598516158
-3.150033872356725
-3.2389766215247406
-3.0854729226493185
-2.831460103237764
-2.061504050210418
-1.0846542010764706
-0.21898953409754154
-3.7308162931957747
-4.209353150601814
-4.299671085717778
-4.178773381989433
-3.9167094966198848
-2.8192976610535534
-1.547838235015068
-0.482741104945188
-2.6802500752973244
-3.1411118866758607
-3.2408937870107364
-3.1397108473237623
-2.8741551253536506
-2.0156974619928074
-0.9811177261154834
-0.2125990451909337
-3.948370149432634
-4.962144008658411
-5.227411390260408
-5.1029329946765
-4.780511591371353
-3.3838760424798315
-1.8187993194902554
-0.5836705937450413
-2.330208612322166
-3.355207101533201
-3.76821432357415
-3.6224640631680147
-3.2817169497785708
-2.217554870854439
-1.1018003824973086
-0.31045242214715296
-1.9662533923493206
-2.294517657448249
-2.397207936518488
-2.365900947758355
-2.252442049489646
-1.7208900942351033
-0.903493105783691
-0.093720790939653
-4.490314155729227
-4.928364759942853
-4.975067054512064
-4.790743941367493
-4.486497959761033
-3.373000872242116
-1.9227109193201228
-0.6431020339043024
-1.956057061370532
-2.337217950644631
-2.4291955215762693
-2.3356669366224354
-2.1775014734261045
-1.5604687361598624
-0.5520912661054207
0.18480284374899802
-2.3759644978351333
-2.8380005668144688
-2.9243638147066777
-2.835454951023007
-2.6696126054661824
-1.9649754075055834
-0.9967942814481919
-0.09374683255527558
-2.545259523427682
-3.3147010190948754
-3.4913453045930884
-3.381550054869918
-3.0238061072273696
-2.115195351786518
-0.8690611849645379
-0.03505120949023188
-2.323525892511386
-2.7374947720551326
-2.8552982288825413
-2.787171271060368
-2.6159066829280575
-1.9898995629806888
-1.010298275139755
-0.19052522385831536
-4.145714576363995
-4.387794872854458
-4.375368437657806
-4.214022821552382
-3.969214304156412
-3.0905240563603518
-1.8958663980862651
-0.7560283652952661
-3.644837018055651
-4.019531615320753
-4.1116004888094135
-4.030418770953493
-3.826399342593871
-2.976309386229638
-1.7902669244954876
-0.66790269559799
