-5.14
-5.35
-5.27
-5.03
-4.71
-3.66
-2.32
-1.01
-5.55
-5.79
-5.71
-5.45
-5.09
-3.91
-2.42
-1.01
-7.49
-7.64
-7.45
-7.06
-6.57
-5.01
-3.06
-1.25
-7.94
-8.21
-8.11
-7.78
-7.33
-5.80
-3.78
-1.50
-5.81
-6.10
-6.05
-5.80
-5.45
-4.22
-2.62
-1.06
-7.95
-8.25
-8.13
-7.76
-7.26
-5.61
-3.45
-1.39
-8.28
-8.60
-8.52
-8.20
-7.75
-6.17
-3.74
-1.22
-5.33
-5.58
-5.52
-5.29
-4.97
-3.88
-2.44
-1.02
-2.81
-2.98
-2.96
-2.84
-2.67
-2.07
-1.28
-0.51
-3.75
-3.98
-3.95
-3.77
-3.52
-2.68
-1.39
-0.40
-4.28
-4.62
-4.68
-4.56
-4.34
-3.04
-1.51
-0.48
-7.50
-7.75
-7.60
-7.22
-6.73
-5.12
-3.05
-1.15
-5.49
-5.85
-5.89
-5.74
-5.48
-4.50
-3.06
-1.42
-7.33
-7.65
-7.61
-7.34
-6.96
-5.56
-3.67
-1.66
-7.77
-8.14
-8.15
-7.93
-7.56
-6.22
-4.32
-1.85
-5.17
-5.45
-5.44
-5.27
-5.02
-4.11
-2.76
-1.28
-17.81
-18.55
-18.42
-17.76
-16.78
-13.24
-8.42
-3.57
-7.31
-7.47
-7.28
-6.88
-6.39
-4.83
-2.93
-1.23
-7.84
-8.08
-7.94
-7.56
-7.05
-5.42
-3.29
-1.32
-20.01
-21.00
-20.96
-20.25
-19.13
-14.90
-9.16
-3.71
-16.56
-17.25
-17.11
-16.45
-15.50
-12.23
-7.85
-3.05
-20.15
-21.02
-20.97
-20.30
-19.26
-15.37
-9.84
-4.29
-19.58
-20.35
-20.29
-19.69
-18.74
-15.21
-10.12
-4.73
3.64
1.57
-0.05
-0.66
-0.63
-0.84
-0.36
0.01
2.22
0.37
-0.83
-1.52
-1.66
-1.53
-0.88
-0.26
-3.29
-5.41
-6.29
-6.46
-6.16
-4.97
-2.98
-1.01
2.90
0.93
-0.50
-1.19
-1.17
-1.13
-0.50
0.00
1.03
-0.61
-1.77
-2.50
-2.62
-1.98
-1.00
-0.19
0.69
-1.71
-2.93
-3.60
-3.67
-2.86
-1.60
-0.52
1.98
1.07
0.34
0.04
0.03
-0.19
-0.05
0.07
-0.06
-0.91
-1.48
-1.62
-1.58
-1.42
-0.83
-0.22
-0.55
-1.50
-1.97
-2.09
-2.07
-1.72
-0.95
-0.24
1.22
0.36
-0.20
-0.46
-0.53
-0.61
-0.37
-0.11
-1.75
-2.37
-2.66
-2.70
-2.62
-2.12
-1.33
-0.54
-1.29
-1.68
-1.84
-1.82
-1.74
-1.34
-0.78
-0.26
-0.21
-0.95
-1.04
-1.03
0
-0.74
0.04
0.00
-1.03
-1.45
-1.62
-1.63
-1.56
-1.22
-0.69
-0.20
-1.68
-2.07
-2.23
-2.19
-2.07
-1.60
-0.91
-0.31
-0.13
-1.16
-1.74
-1.93
-1.85
-1.61
-0.90
-0.19
-8.74
-9.54
-10.01
-10.07
-10.00
-9.91
-9.47
-8.94
-1.15
-2.08
-2.60
-2.69
-2.50
-2.12
-1.06
-0.26
-0.59
-1.64
-2.11
-2.22
-2.17
-1.83
-0.99
-0.18
-1.04
-1.93
-2.30
-2.29
-2.21
-1.86
-1.10
-0.39
-0.78
-1.09
-1.21
-1.22
-1.19
-0.92
-0.50
-0.07
-0.21
-0.78
-1.06
-1.20
-1.22
-1.00
-0.57
-0.10
-1.79
-2.48
-2.78
-2.83
-2.75
-2.39
-1.50
-0.54
-0.43
-1.23
-1.58
-1.73
-1.70
-1.37
-0.76
-0.13
-1.26
-1.92
-2.23
-2.35
-2.27
-1.88
-1.12
-0.35
-0.95
-1.77
-2.13
-2.22
-2.16
-1.70
-1.03
-0.32
-1.71
-0.42
0
-2.10
-1.05
-1.49
-0.80
-0.22
-1.50
-1.60
-1.57
-1.48
-1.36
-0.97
-0.50
-0.12
-3.53
-3.86
-3.86
-3.68
-3.43
-2.57
-1.52
-0.56
-3.24
-3.50
-3.52
-3.40
-3.20
-2.51
-1.50
-0.41
-2.42
-2.74
-2.79
-2.65
-2.45
-1.88
-1.16
-0.44
-2.83
-3.21
-3.29
-3.23
-3.06
-2.29
-1.39
-0.53
-1.34
-1.83
-2.03
-2.08
-1.98
-1.54
-0.85
-0.21
-2.52
-3.47
-3.83
-3.89
-3.76
-2.88
-1.74
-0.64
-3.01
-3.59
-3.65
-3.37
-3.01
-2.04
-1.04
-0.30
-2.62
-2.78
-2.74
-2.61
-2.42
-1.79
-0.95
-0.13
-5.20
-5.29
-5.09
-4.74
-4.34
-3.17
-1.80
-0.59
-1.48
-1.86
-2.01
-2.01
-1.95
-1.61
-0.86
-0.19
-1.80
-2.23
-2.37
-2.38
-2.33
-1.94
-1.23
-0.38
-0.51
-1.42
-1.85
-2.03
-1.95
-1.68
-0.91
-0.21
-1.26
-1.67
-1.85
-1.89
-1.83
-1.52
-0.84
-0.14
-4.27
-4.35
-4.21
-3.97
-3.68
-2.79
-1.72
-0.75
-2.50
-2.84
-2.95
-2.94
-2.83
-2.30
-1.49
-0.59
