-4.29
-4.68
-4.78
-4.69
-4.49
-3.66
-2.38
-1.03
-4.69
-5.16
-5.28
-5.20
-4.98
-4.05
-2.61
-1.07
-6.94
-7.29
-7.28
-7.04
-6.67
-5.30
-3.33
-1.34
-6.82
-7.37
-7.52
-7.43
-7.17
-6.01
-4.09
-1.61
-4.82
-5.32
-5.48
-5.41
-5.20
-4.24
-2.72
-1.08
-7.40
-7.90
-7.95
-7.73
-7.35
-5.87
-3.68
-1.44
-7.20
-7.76
-7.92
-7.81
-7.54
-6.30
-3.97
-1.25
-4.24
-4.68
-4.81
-4.74
-4.56
-3.73
-2.40
-0.99
-2.68
-3.01
-3.09
-3.03
-2.89
-2.27
-1.37
-0.52
-3.36
-3.87
-4.04
-3.98
-3.80
-2.98
-1.50
-0.41
-4.26
-4.85
-5.08
-5.08
-4.91
-3.51
-1.67
-0.52
-6.62
-7.14
-7.23
-7.05
-6.73
-5.39
-3.35
-1.25
-4.81
-5.36
-5.57
-5.56
-5.41
-4.58
-3.11
-1.41
-7.02
-7.53
-7.64
-7.49
-7.18
-5.83
-3.81
-1.63
-7.50
-8.07
-8.24
-8.15
-7.88
-6.65
-4.61
-1.88
-4.07
-4.54
-4.70
-4.68
-4.54
-3.83
-2.60
-1.20
-14.88
-16.03
-16.31
-16.03
-15.42
-12.70
-8.38
-3.54
-6.87
-7.23
-7.23
-7.00
-6.63
-5.26
-3.31
-1.36
-7.23
-7.68
-7.72
-7.50
-7.24
-5.68
-3.65
-1.45
-16.90
-18.27
-18.61
-18.26
-17.51
-14.21
-9.20
-3.79
-13.96
-15.09
-15.37
-15.11
-14.51
-11.98
-7.97
-3.06
-17.09
-18.36
-18.69
-18.40
-17.72
-14.71
-9.83
-4.32
-16.74
-17.92
-18.26
-18.03
-17.44
-14.71
-10.13
-4.73
-0.88
-2.52
-3.55
-3.56
-3.00
-2.02
-0.72
-0.04
-2.14
-3.72
-4.44
-4.58
-4.21
-2.90
-1.32
-0.33
-7.13
-9.44
-10.19
-10.05
-9.34
-6.95
-3.78
-1.16
-1.53
-3.16
-4.05
-4.16
-3.62
-2.41
-0.90
-0.08
-3.36
-4.90
-5.68
-5.91
-5.52
-3.63
-1.58
-0.26
-3.46
-5.89
-6.76
-6.90
-6.43
-4.34
-2.10
-0.59
-0.66
-1.32
-1.70
-1.66
-1.36
-0.89
-0.27
0.04
-2.23
-3.07
-3.48
-3.38
-3.09
-2.28
-1.14
-0.27
-2.29
-3.28
-3.64
-3.58
-3.36
-2.46
-1.22
-0.28
-1.19
-1.90
-2.20
-2.17
-1.96
-1.38
-0.63
-0.15
-2.70
-3.82
-4.28
-4.31
-4.12
-3.14
-1.77
-0.63
-1.73
-2.53
-2.82
-2.81
-2.65
-1.93
-1.00
-0.28
-0.83
-1.67
-1.76
-1.70
NaN
-1.09
-0.05
0.06
-1.58
-2.38
-2.69
-2.71
-2.57
-1.94
-1.07
-0.36
-2.12
-2.93
-3.30
-3.30
-3.12
-2.31
-1.21
-0.37
-2.25
-3.43
-3.93
-3.90
-3.55
-2.58
-1.25
-0.24
-10.50
-11.37
-11.73
-11.61
-11.32
-10.65
-9.72
-8.97
-3.43
-4.62
-5.11
-5.02
-4.52
-3.22
-1.43
-0.32
-2.39
-3.71
-4.17
-4.14
-3.86
-2.84
-1.37
-0.26
-2.58
-3.65
-3.98
-3.82
-3.54
-2.62
-1.35
-0.40
-1.48
-1.99
-2.15
-2.12
-2.00
-1.42
-0.69
-0.11
-1.14
-1.74
-1.94
-1.94
-1.83
-1.27
-0.62
-0.10
-3.11
-4.07
-4.46
-4.47
-4.27
-3.43
-1.89
-0.60
-1.61
-2.61
-2.97
-3.02
-2.83
-2.02
-0.95
-0.11
-2.39
-3.27
-3.62
-3.67
-3.47
-2.64
-1.41
-0.40
-2.18
-3.23
-3.61
-3.61
-3.39
-2.45
-1.31
-0.37
-2.13
-1.21
NaN
-3.10
-2.01
-2.15
-1.10
-0.31
-1.36
-1.63
-1.70
-1.64
-1.53
-1.09
-0.54
-0.12
-3.90
-4.58
-4.78
-4.69
-4.44
-3.37
-1.90
-0.64
-3.56
-4.10
-4.25
-4.18
-3.96
-3.06
-1.73
-0.44
-3.13
-3.67
-3.81
-3.68
-3.43
-2.59
-1.47
-0.50
-3.76
-4.41
-4.61
-4.56
-4.34
-3.22
-1.81
-0.60
-2.75
-3.37
-3.57
-3.52
-3.27
-2.34
-1.16
-0.25
-4.05
-5.31
-5.72
-5.67
-5.37
-3.88
-2.11
-0.69
-1.85
-2.99
-3.54
-3.48
-3.20
-2.18
-1.06
-0.28
-1.86
-2.22
-2.34
-2.33
-2.23
-1.73
-0.93
-0.12
-4.19
-4.74
-4.87
-4.75
-4.50
-3.44
-1.95
-0.61
-2.60
-3.08
-3.23
-3.16
-3.01
-2.32
-1.13
-0.23
-2.84
-3.45
-3.62
-3.58
-3.42
-2.65
-1.51
-0.43
-2.50
-3.51
-3.85
-3.84
-3.53
-2.62
-1.26
-0.28
-2.19
-2.72
-2.92
-2.90
-2.76
-2.13
-1.07
-0.17
-3.99
-4.27
-4.28
-4.14
-3.91
-3.06
-1.87
-0.73
-3.31
-3.83
-4.03
-4.03
-3.89
-3.10
-1.88
-0.67
