-4.712837695026703
-5.015368067032351
-5.034581200344304
-4.881733750393022
-4.630338082773637
-3.7045368437884876
-2.38132392670882
-1.0302472255013388
-5.106449429614064
-5.4723995634789935
-5.513475988851137
-5.356634444121015
-5.084713835622532
-4.052630330544187
-2.573439007349484
-1.0614662374990806
-7.178201831318166
-7.4733401473074945
-7.416060372785881
-7.1438416975078
-6.749100634963299
-5.332891574339173
-3.3455598409369434
-1.3593088035414445
-7.373250140030356
-7.7933293257325
-7.836585089856926
-7.649191449700397
-7.319643426678913
-6.009118176808638
-4.0219293272141865
-1.5968160654441246
-5.305421928612315
-5.708041868657715
-5.771804815169561
-5.626815472166215
-5.355950020057164
-4.279450863189704
-2.6995018003970213
-1.0689957179866225
-7.630083675148229
-8.07732076010699
-8.093697050737791
-7.841339788323043
-7.435819752684059
-5.917516734778197
-3.7046602120569485
-1.4534920685921702
-7.749902188864816
-8.204090379270353
-8.260707378800438
-8.072704929408554
-7.732521005347506
-6.349378845207785
-3.928006478373191
-1.2344185737901696
-4.759452891343967
-5.099327641723
-5.142288288368174
-5.003929770227176
-4.758040933336594
-3.8093796669889826
-2.4157389048036357
-0.9940360656389855
-2.7921967396143934
-3.075091413768258
-3.127065662456006
-3.046214704602403
-2.8916576691372073
-2.263181426764067
-1.368357420569051
-0.5198758952818563
-3.52466157719925
-3.9592288789443364
-4.0681278575744795
-3.9797541335746165
-3.7757790700815566
-2.9425062921745657
-1.4911532762513156
-0.40118557998605237
-4.632039636198439
-5.102396035246539
-5.241112484506166
-5.166192490748445
-4.951710918544429
-3.465796275686567
-1.6469428021573282
-0.4997216239941539
-6.989251529555745
-7.405254918811637
-7.415582712926771
-7.17782990673096
-6.798835931541062
-5.375609375010236
-3.3086079067134815
-1.2398373650223973
-5.277221799650507
-5.742833352165848
-5.877968858561832
-5.803305829733006
-5.5983771407816745
-4.662975704359097
-3.142229480192551
-1.415485354482478
-7.170014909635941
-7.650622546743886
-7.741208804717075
-7.580448717266754
-7.260569729426807
-5.898744928565739
-3.869862247452992
-1.6585878631672442
-7.757565642542745
-8.267430196483108
-8.39458717697196
-8.263856030730603
-7.961300872114061
-6.676975817258929
-4.624003253909903
-1.8897825100556092
-4.59558424980862
-4.9716530290606915
-5.060342766578972
-4.969553697680203
-4.776672993297681
-3.95227871473327
-2.6420598147843717
-1.2114262047630844
-15.717177825217728
-16.74127546251854
-16.900077470825803
-16.520725376270132
-15.815215376026067
-12.877016431166894
-8.391904889760266
-3.5357011548041104
-6.9703479464290075
-7.288853317076915
-7.251687214026295
-6.992927414531141
-6.604367754890524
-5.205853381310505
-3.2634675447771526
-1.3529141103297622
-7.3904941500934385
-7.794286402471608
-7.799723203194676
-7.5563485438597295
-7.239098191208654
-5.67808766377572
-3.6043933727267485
-1.424438903903209
-18.204902617170365
-19.401091962201225
-19.582877930943255
-19.096306448340904
-18.215511284350512
-14.585496091622634
-9.316283816842029
-3.8109979499547917
-14.766128887085845
-15.763571008812358
-15.921300541529398
-15.553061443104225
-14.866802226724145
-12.137777884911912
-7.997685726446315
-3.0773084030725726
-18.122698373404628
-19.245802435436442
-19.438619698659387
-19.024648748343573
-18.24216039927229
-14.984462862486877
-9.880037274893176
-4.319116773806345
-17.540403530366795
-18.601267296495354
-18.825647509428514
-18.494727563492773
-17.812186588934605
-14.879052708396014
-10.139338300955643
-4.726240346025331
-0.09214994763587543
-1.9588211129927422
-3.3272878456007384
-3.5234762126782004
-3.000560224552226
-2.186163858611075
-0.7753154818742805
-0.027594896493492456
-1.4368076710369384
-3.1407109083849956
-4.068571945673675
-4.408876476958895
-4.137604461780807
-2.9754401607667167
-1.374959066232616
-0.3171518964707979
-7.809358666607381
-9.93242593053652
-10.525967052605179
-10.292731495494825
-9.518335000498894
-7.083227653862859
-3.84973357852569
-1.1591441629199244
-0.8085965512304321
-2.5904790142342784
-3.7540595403217534
-4.077978117325625
-3.5868484093268234
-2.5257171361440522
-0.9428785826440425
-0.046887472489318245
-3.439636115693202
-4.870061267231964
-5.700286986900888
-6.08725873500935
-5.7530442413635585
-3.8069330721459784
-1.6442695510581464
-0.2497003893163136
-3.751708389570991
-5.987714472337946
-6.821851267352631
-7.0523410334199506
-6.63557409122994
-4.4824500247300625
-2.13830406095393
-0.5864801398058416
-0.2709795332569196
-1.0520000132252882
-1.6006519024735102
-1.664990337495629
-1.3901787322948462
-1.0254901425119711
-0.3200952902001113
0.04739751180213189
-2.0791991137577273
-2.9151620855060725
-3.377739631989461
-3.3223649747800463
-3.0674006007179577
-2.3430971451980276
-1.1836287483610082
-0.2617024402002292
-2.319875986408511
-3.28093959164085
-3.6365399685582225
-3.6012870776966026
-3.393985400737465
-2.5352796830740347
-1.2586785737560622
-0.28193427161120777
-0.8390078336389641
-1.6388155566026612
-2.05374176387576
-2.119262927851929
-1.9633668509245057
-1.4751918945744311
-0.6947939035142279
-0.15018687452826063
-2.5361194156137454
-3.597271522074747
-4.048261550124937
-4.114632298547423
-3.9688006502072213
-3.1119936492926423
-1.8066434033912677
-0.6502806740909478
-1.7105314266790737
-2.4750949811068117
-2.7708763683457964
-2.7750028047714244
-2.6357260526871404
-1.9720897280578795
-1.0403236395103377
-0.2813196893237846
-0.7767457004251603
-1.6413796211134328
-1.7518880348350967
-1.7180218133359606
0
-1.1393698483085404
-0.07500113070154239
0.07636100544200011
-1.4925217478668993
-2.2833014360553054
-2.6028662301586576
-2.6428780865345716
-2.537023781547905
-1.9628032223408873
-1.10145707232287
-0.3517775293242468
-2.0164775184138777
-2.795374319681755
-3.1387867775407208
-3.158209812622739
-3.013527823555253
-2.2940559990866825
-1.2429403970366844
-0.3900470442204246
-1.9303424955605084
-3.151954426416124
-3.717628375819237
-3.7699657639630058
-3.49558971274723
-2.6619317698086933
-1.319992540901653
-0.2487654636567704
-10.199925173412936
-11.126185435228322
-11.547053274226663
-11.482133765880429
-11.24700413554585
-10.656604700049076
-9.688829886052643
-8.86429975179967
-3.545015710165691
-4.612561505841726
-5.063730185691131
-4.96893905267643
-4.486301235718958
-3.30182842499129
-1.485508456300944
-0.3144639616664891
-2.562660849977755
-3.763249033092502
-4.17233225306778
-4.121659583573038
-3.862452244662183
-2.9080638919018558
-1.4226876517436604
-0.25592716111907815
-2.7224057534421635
-3.7227926494156756
-4.033982708331861
-3.877330859560268
-3.6153405182738987
-2.7467101182121967
-1.446320770275923
-0.4287298993146115
-1.0456709574582075
-1.555049568424433
-1.7588018034810229
-1.7801551189804192
-1.7141335793330654
-1.2702483964317675
-0.625739989369604
-0.06548727850965887
-0.8758635079850081
-1.5118635205367257
-1.771148043058738
-1.8371580992915562
-1.7729534491859307
-1.3000183646650352
-0.6466177785518127
-0.09857827535949298
-3.234731146630849
-4.088026607220827
-4.423540358279477
-4.422174333930246
-4.2271056311772135
-3.4575380689582094
-1.9504706624538162
-0.6288329812479777
-1.080748710562386
-2.125714787163879
-2.555434205396569
-2.6855990875051434
-2.5760884131002344
-1.9286760199084294
-0.9403445758246605
-0.0916557843344011
-1.9899074696103487
-2.840308984179846
-3.209686572178712
-3.3061825216786613
-3.162944619046337
-2.488303229798925
-1.361524663309402
-0.3715069143098069
-1.6000034346660723
-2.699036314224665
-3.150993521884061
-3.237229197211652
-3.0885613337104987
-2.330385695383306
-1.2871573166834183
-0.3585673649513682
-1.6817328423600868
-0.753259168043096
0
-2.7109315003092354
-1.6757571369211928
-1.9881112878428109
-1.0502712886663412
-0.30096843934601236
-1.1318322729709487
-1.4056916332757314
-1.4859106895608671
-1.4563134745617903
-1.3683113613890345
-1.0045206742517034
-0.5100570109520958
-0.11821271820654801
-3.937784888372447
-4.5358526720976915
-4.6908122546096624
-4.576254337065448
-4.324287950000126
-3.2898694211993544
-1.8889888366513274
-0.6370526588781901
-3.4266856477508285
-3.9413277414466696
-4.104635515424851
-4.044485640240106
-3.8574679407019636
-3.045666889260269
-1.7653707559575382
-0.4565002473345621
-2.8710803940009493
-3.3953075621917046
-3.548709102597933
-3.437451443135157
-3.2103340987415216
-2.4660010579412623
-1.44021968847718
-0.490314950290375
-3.51434620774328
-4.125363643714897
-4.323306651436137
-4.2920604683220835
-4.096622727512337
-3.074531801251489
-1.7710518459422575
-0.589767220203878
-2.3587703119930024
-2.996950981044833
-3.236875658636323
-3.249548767644628
-3.0569254047209546
-2.266390382279566
-1.1499069794433947
-0.2461168736555262
-3.556722894533848
-4.837896536423445
-5.306647390951751
-5.336609376923695
-5.115407999116129
-3.7910697701372533
-2.1135697897023302
-0.6836914495447232
-1.9852965962233904
-3.0309697499577064
-3.4855473097176985
-3.3865418889833476
-3.0944148631693094
-2.1213350253373346
-1.0434815785610945
-0.27277577777647716
-2.08842155077711
-2.376005223182635
-2.448377342165353
-2.39553945284636
-2.268206581575828
-1.7244689035746572
-0.9143158790122274
-0.10538323395588038
-4.3554228758072036
-4.802235388197168
-4.867162175635029
-4.705873035384405
-4.424115407552363
-3.3651415730325542
-1.9353665836057663
-0.6203501890622631
-2.6158421750287313
-3.039668279717572
-3.163887765086722
-3.0894507022061846
-2.9348829363506916
-2.2997071568929695
-1.146575534178796
-0.23288339914188372
-2.881205314465235
-3.431074696662295
-3.5839850857748288
-3.5339460748516065
-3.3883898402309485
-2.675012445918354
-1.5537061343921539
-0.4354790723105813
-2.3805736769443073
-3.35991147375329
-3.706592563246395
-3.7307900633151747
-3.47271588013658
-2.646057109871638
-1.2947861946137018
-0.2776092913349283
-2.054134898280068
-2.542994592471928
-2.7288227859448835
-2.7211224347391596
-2.597324384444821
-2.045878699616346
-1.0453670548388534
-0.15526837968186552
-3.8621956562632427
-4.136731659515174
-4.153279385596669
-4.017844306390444
-3.7966797006066315
-2.9769895432363955
-1.838022241956795
-0.7316842791476273
-3.3063865248480324
-3.764918018807541
-3.9337450481826077
-3.9201931755827086
-3.771918697458273
-3.0211791035375115
-1.8614007799942394
-0.6726569547910505
