-4.39
-4.83
-4.96
-4.89
-4.72
-3.85
-2.40
-1.02
-4.82
-5.32
-5.47
-5.41
-5.21
-4.25
-2.61
-1.05
-6.99
-7.35
-7.32
-7.06
-6.69
-5.35
-3.32
-1.33
-7.09
-7.67
-7.84
-7.77
-7.53
-6.34
-4.13
-1.58
-4.88
-5.42
-5.60
-5.55
-5.36
-4.40
-2.71
-1.05
-7.50
-7.97
-7.98
-7.72
-7.31
-5.85
-3.64
-1.41
-7.33
-7.94
-8.12
-8.04
-7.79
-6.57
-3.96
-1.22
-4.30
-4.79
-4.94
-4.90
-4.74
-3.90
-2.41
-0.98
-2.89
-3.20
-3.27
-3.19
-3.00
-2.25
-1.31
-0.50
-3.61
-4.11
-4.24
-4.16
-3.93
-2.98
-1.43
-0.39
-4.61
-5.25
-5.49
-5.45
-5.21
-3.44
-1.58
-0.50
-6.83
-7.33
-7.39
-7.18
-6.83
-5.47
-3.34
-1.23
-5.01
-5.53
-5.72
-5.71
-5.55
-4.65
-3.04
-1.37
-7.08
-7.56
-7.63
-7.44
-7.12
-5.78
-3.71
-1.59
-7.68
-8.22
-8.37
-8.27
-8.00
-6.71
-4.49
-1.83
-4.20
-4.66
-4.84
-4.83
-4.71
-3.93
-2.57
-1.19
-14.63
-15.89
-16.24
-16.03
-15.48
-12.97
-8.49
-3.47
-6.84
-7.20
-7.17
-6.93
-6.56
-5.27
-3.29
-1.34
-7.11
-7.56
-7.58
-7.35
-7.10
-5.61
-3.61
-1.42
-16.62
-18.11
-18.56
-18.29
-17.60
-14.49
-9.52
-3.73
-13.87
-15.11
-15.47
-15.28
-14.76
-12.40
-8.06
-3.01
-16.80
-18.20
-18.62
-18.41
-17.79
-15.00
-10.06
-4.25
-16.54
-17.84
-18.27
-18.11
-17.59
-15.04
-10.28
-4.66
0.14
-1.66
-2.74
-2.78
-2.29
-1.59
-0.58
-0.03
-1.19
-2.92
-3.68
-3.82
-3.49
-2.41
-1.15
-0.31
-7.19
-9.44
-9.95
-9.56
-8.69
-6.25
-3.42
-1.09
-0.56
-2.35
-3.28
-3.41
-2.91
-1.95
-0.75
-0.06
-2.78
-4.29
-4.98
-5.14
-4.72
-3.01
-1.31
-0.21
-2.98
-5.38
-6.13
-6.18
-5.69
-3.79
-1.89
-0.56
-0.23
-0.92
-1.28
-1.24
-0.96
-0.65
-0.18
0.05
-2.17
-2.95
-3.25
-3.07
-2.73
-1.98
-1.01
-0.24
-2.09
-3.07
-3.37
-3.27
-3.03
-2.19
-1.10
-0.27
-0.88
-1.59
-1.85
-1.79
-1.59
-1.11
-0.53
-0.14
-3.70
-4.61
-4.75
-4.47
-4.04
-2.80
-1.57
-0.59
-2.16
-2.98
-3.12
-2.90
-2.58
-1.72
-0.88
-0.25
-1.01
-1.84
-1.85
-1.69
NaN
-0.94
0.03
0.07
-2.01
-2.76
-2.95
-2.82
-2.56
-1.77
-0.96
-0.35
-2.53
-3.36
-3.61
-3.43
-3.08
-2.07
-1.07
-0.34
-2.52
-3.64
-3.91
-3.67
-3.19
-2.22
-1.09
-0.22
-10.69
-11.48
-11.64
-11.36
-10.99
-10.34
-9.57
-8.92
-4.55
-5.31
-5.34
-4.88
-4.13
-2.78
-1.25
-0.29
-3.07
-4.15
-4.28
-3.96
-3.51
-2.43
-1.17
-0.22
-3.22
-4.01
-4.03
-3.65
-3.25
-2.32
-1.22
-0.39
-2.10
-2.44
-2.38
-2.15
-1.91
-1.23
-0.59
-0.08
-1.37
-1.82
-1.87
-1.77
-1.61
-1.09
-0.55
-0.09
-4.24
-4.88
-4.90
-4.60
-4.16
-3.09
-1.69
-0.57
-1.46
-2.63
-2.95
-2.88
-2.61
-1.74
-0.81
-0.07
-2.47
-3.44
-3.71
-3.63
-3.32
-2.37
-1.26
-0.36
-2.01
-3.27
-3.63
-3.52
-3.20
-2.19
-1.18
-0.35
-1.97
-1.35
NaN
-3.20
-2.01
-2.02
-1.03
-0.31
-1.30
-1.68
-1.77
-1.69
-1.53
-1.04
-0.51
-0.12
-3.82
-4.59
-4.85
-4.77
-4.49
-3.25
-1.77
-0.61
-3.81
-4.29
-4.40
-4.25
-3.96
-2.91
-1.61
-0.42
-3.28
-3.85
-3.99
-3.80
-3.47
-2.49
-1.40
-0.48
-3.81
-4.50
-4.71
-4.63
-4.34
-3.05
-1.67
-0.56
-2.87
-3.51
-3.66
-3.50
-3.15
-2.13
-1.04
-0.23
-3.95
-5.34
-5.75
-5.61
-5.19
-3.58
-1.94
-0.66
-1.45
-2.88
-3.67
-3.64
-3.27
-2.09
-1.00
-0.27
-1.99
-2.37
-2.52
-2.52
-2.41
-1.79
-0.92
-0.12
-4.29
-4.88
-5.03
-4.91
-4.64
-3.46
-1.88
-0.59
-3.23
-3.46
-3.40
-3.16
-2.88
-2.07
-0.98
-0.20
-3.71
-4.03
-3.91
-3.63
-3.31
-2.38
-1.34
-0.39
-2.48
-3.52
-3.76
-3.62
-3.23
-2.31
-1.13
-0.27
-2.70
-3.11
-3.14
-2.96
-2.70
-1.95
-0.96
-0.15
-3.82
-4.12
-4.17
-4.07
-3.88
-3.04
-1.81
-0.70
-3.38
-3.90
-4.08
-4.05
-3.86
-2.95
-1.73
-0.63
