Pol Frozen Disp CT (all energies in kJ/mol)
-43.6406 19.2556 -15.3624 -37.5709
-87.1308 54.4774 -23.9881 -109.3146
-13.0758 -3.5911 -9.5076 -9.8247
-17.9511 -15.1253 -11.5268 -18.8423
-39.1268 -13.2826 -15.3845 -51.5335
-27.6574 17.2458 -13.3922 -28.1742
-11.8591 -0.4976 -12.2242 -14.3185
-16.7891 -12.9110 -14.3334 -26.5015
-31.0824 -19.4521 -15.6209 -51.8447
-20.7946 -3.4737 -17.1773 -12.1266
-32.7254 -6.2995 -19.3718 -30.4030
-65.9350 16.5353 -18.6975 -73.2571
-20.2743 -31.7103 -17.4401 -20.0180
-46.8840 -14.4197 -16.9017 -60.1668
-135.1692 25.7113 -22.7050 -150.9796
-12.6734 -2.9196 -10.8473 -12.7626
-16.5617 -16.1293 -12.4535 -23.1937
-28.4151 -25.6249 -13.7825 -45.0517
-32.8535 34.6435 -16.3445 -53.3151
-130.8747 126.6818 -21.1301 -164.2643
-39.9387 22.1852 -17.2983 -40.6334
