Pol Frozen Disp CT (all energies in kJ/mol)
-43.2772 23.1235 -3.0655 -43.2912
-80.8352 60.0596 -5.4262 -122.8213
-13.7580 -2.8264 -4.9453 -12.0868
-18.6046 -13.5526 -5.4284 -22.2843
-38.8458 -11.4309 -5.4544 -58.2282
-28.1262 18.3976 -6.9793 -33.6448
-11.6839 -2.0646 -5.8454 -16.6478
-16.1749 -13.6552 -6.3837 -30.3184
-29.3980 -18.4366 -5.6655 -58.0293
-21.0750 -0.4551 -12.2201 -14.8889
-33.0046 -1.6752 -11.4556 -35.4678
-65.0137 25.5470 -3.2755 -82.2485
-20.6910 -25.9643 -10.6406 -24.4231
-46.2606 -6.7965 -6.3635 -67.6035
-132.2198 47.5406 -2.6363 -166.4817
-12.8444 -2.8940 -4.5153 -14.8276
-16.5632 -14.8213 -4.9949 -26.5666
-27.9810 -22.3194 -4.4693 -50.4690
-32.0278 34.9963 -7.0774 -60.8629
-126.7578 132.9703 -7.7828 -177.7840
-38.2532 23.2232 -5.2846 -46.7336
