Pol Frozen Disp CT (all energies in kJ/mol)
-43.2772 23.1235 -3.3466 -43.2912
-80.8352 60.0596 -4.6653 -122.8213
-13.7580 -2.8264 -4.9060 -12.0868
-18.6046 -13.5526 -5.0892 -22.2843
-38.8458 -11.4309 -5.1155 -58.2282
-28.1262 18.3976 -6.8423 -33.6448
-11.6839 -2.0646 -6.2544 -16.6478
-16.1749 -13.6552 -6.5281 -30.3184
-29.3980 -18.4366 -5.4555 -58.0293
-21.0750 -0.4551 -12.5565 -14.8889
-33.0046 -1.6752 -10.9358 -35.4678
-65.0137 25.5470 -2.9738 -82.2485
-20.6910 -25.9643 -9.6381 -24.4231
-46.2606 -6.7965 -5.5471 -67.6035
-132.2198 47.5406 -1.9797 -166.4817
-12.8444 -2.8940 -5.4777 -14.8276
-16.5632 -14.8213 -5.4112 -26.5666
-27.9810 -22.3194 -4.3980 -50.4690
-32.0278 34.9963 -7.7444 -60.8629
-126.7578 132.9703 -7.4808 -177.7840
-38.2532 23.2232 -4.7633 -46.7336
