Pol Frozen Disp CT (all energies in kJ/mol)
-42.4993 23.8306 -16.7949 -43.0792
-80.9328 62.0380 -21.8141 -120.9863
-13.4717 -2.7097 -10.5414 -12.0735
-18.5090 -13.3186 -12.6106 -22.2553
-39.0021 -10.6349 -15.1433 -57.8595
-27.8440 18.7557 -14.3388 -33.5589
-11.4638 -1.6413 -11.2869 -16.8822
-16.3094 -12.9693 -13.3726 -30.4908
-29.8437 -17.2839 -14.5395 -57.9300
-20.6974 0.0800 -20.4359 -15.0656
-32.5992 -1.0223 -21.8625 -35.5547
-64.3126 26.6442 -19.8348 -81.4524
-20.7324 -25.4987 -20.0373 -24.5519
-46.0475 -5.8581 -17.3860 -67.2199
-131.3449 48.6673 -22.1016 -164.1991
-12.5217 -2.6301 -11.2701 -15.0937
-16.5001 -14.4134 -13.0708 -26.7891
-28.1790 -21.5908 -14.3312 -50.4973
-31.6985 35.8727 -16.7703 -60.7693
-126.8920 135.4279 -22.4153 -175.5640
-37.6837 24.1861 -16.8235 -46.4530
