Pol Frozen Disp CT (all energies in kJ/mol)
-43.6406 19.2556 -15.1256 -37.5709
-87.1308 54.4774 -23.7901 -109.3146
-13.0758 -3.5911 -9.2875 -9.8247
-17.9511 -15.1253 -11.2871 -18.8423
-39.1268 -13.2826 -15.1193 -51.5335
-27.6574 17.2458 -13.1036 -28.1742
-11.8591 -0.4976 -11.9310 -14.3185
-16.7891 -12.9110 -13.9918 -26.5015
-31.0824 -19.4521 -15.3586 -51.8447
-20.7946 -3.4737 -16.8940 -12.1266
-32.7254 -6.2995 -19.2259 -30.4030
-65.9350 16.5353 -18.5450 -73.2571
-20.2743 -31.7103 -17.1464 -20.0180
-46.8840 -14.4197 -16.7380 -60.1668
-135.1692 25.7113 -22.6729 -150.9796
-12.6734 -2.9196 -10.4524 -12.7626
-16.5617 -16.1293 -12.1011 -23.1937
-28.4151 -25.6249 -13.5403 -45.0517
-32.8535 34.6435 -15.8813 -53.3151
-130.8747 126.6818 -20.8395 -164.2643
-39.9387 22.1852 -17.1267 -40.6334
