Pol Frozen Disp CT (all energies in kJ/mol)
-43.5369 19.3718 -18.0169 -37.6059
-87.0169 54.8557 -27.2443 -109.2902
-13.0279 -3.5091 -10.5728 -9.8611
-17.9454 -14.9786 -12.9970 -18.8663
-39.1511 -12.9955 -17.3235 -51.5242
-27.6141 17.3304 -14.7386 -28.2138
-11.8024 -0.3637 -13.1386 -14.3475
-16.7873 -12.6987 -15.7153 -26.5121
-31.0945 -19.1077 -17.5004 -51.8193
-20.7071 -3.2439 -19.5934 -12.1876
-32.6617 -6.0112 -22.2135 -30.4581
-65.8365 16.7404 -21.8243 -73.2740
-20.2731 -31.4261 -20.2351 -20.0633
-46.8437 -14.0359 -19.3095 -60.1634
-135.0216 26.0532 -26.0644 -150.9588
-12.6094 -2.8167 -12.1068 -12.7968
-16.5414 -15.9706 -14.1793 -23.2167
-28.4208 -25.3701 -15.9478 -45.0487
-32.7659 34.8030 -18.3041 -53.3371
-130.7630 127.0822 -24.2729 -164.0989
-39.8171 22.3711 -19.7946 -40.6636
