Pol Frozen Disp CT (all energies in kJ/mol)
-44.8229 21.5237 -14.9030 -35.0539
-88.4367 59.1307 -21.4345 -106.2302
-13.2480 -2.2905 -10.1322 -8.9209
-18.2062 -13.2681 -12.0449 -17.2922
-38.6462 -9.8595 -14.8540 -48.7374
-28.1798 21.3355 -14.1115 -24.9335
-12.0876 0.9108 -12.0219 -12.4164
-16.9812 -10.8424 -13.8951 -23.8120
-31.1218 -15.8506 -14.7759 -48.2306
-21.3529 -1.9034 -19.8715 -10.6149
-33.2864 -3.6505 -21.0076 -28.0599
-67.5804 19.9635 -16.9913 -70.1398
-20.9776 -30.0344 -19.3026 -17.8251
-46.3188 -11.5300 -16.2307 -58.3862
-138.9545 31.6052 -18.7189 -146.4841
-12.9180 -1.6610 -11.2342 -11.1317
-16.8862 -14.3091 -12.7037 -20.8020
-28.8112 -22.4674 -13.6074 -41.5454
-33.5909 39.8578 -17.0587 -46.6427
-134.3925 137.3044 -20.7039 -156.1627
-40.5568 24.4468 -16.9744 -38.1876
