Pol Frozen Disp CT (all energies in kJ/mol)
-42.6001 23.7010 -13.9341 -43.0485
-81.0593 61.6331 -18.3836 -121.0188
-13.5158 -2.7950 -9.3990 -12.0270
-18.5055 -13.4735 -11.0817 -22.2263
-38.9622 -10.9364 -13.1549 -57.8781
-27.8824 18.6678 -12.8405 -33.5058
-11.5120 -1.7750 -10.2181 -16.8588
-16.2929 -13.1867 -11.9005 -30.4951
-29.8055 -17.6469 -12.5888 -57.9878
-20.7657 -0.1563 -17.8449 -14.9957
-32.6437 -1.3329 -18.8262 -35.4998
-64.4062 26.4153 -16.4693 -81.4486
-20.7070 -25.7956 -17.2703 -24.5067
-46.0737 -6.2818 -14.8710 -67.2408
-131.4797 48.2865 -18.4495 -164.2515
-12.5815 -2.7357 -9.8623 -15.0594
-16.5096 -14.5792 -11.2310 -26.7714
-28.1615 -21.8636 -12.0473 -50.5118
-31.7871 35.7000 -14.5432 -60.7612
-126.9991 134.9871 -19.0019 -175.7653
-37.8105 23.9885 -14.1700 -46.4276
