Pol Frozen Disp CT (all energies in kJ/mol)
-42.9156 23.3055 -9.2998 -43.3701
-80.3690 60.8476 -11.9587 -122.6889
-13.5774 -2.6727 -6.9100 -12.1578
-18.5380 -13.2422 -7.7790 -22.3258
-38.8773 -10.8018 -8.6594 -58.1447
-27.9422 18.5037 -9.5197 -33.7273
-11.5020 -1.8060 -8.0442 -16.7231
-16.1687 -13.2165 -8.9629 -30.3307
-29.4611 -17.6896 -8.8822 -57.9052
-20.7993 0.0141 -16.4015 -15.0569
-32.8006 -1.1250 -15.7994 -35.5936
-64.6496 25.9091 -10.2047 -82.2444
-20.6803 -25.4085 -13.7441 -24.5394
-46.1127 -5.9762 -10.0693 -67.5334
-131.6907 48.1298 -10.2035 -166.2507
-12.6246 -2.7074 -7.8413 -14.9384
-16.4757 -14.5188 -8.5653 -26.6432
-27.9700 -21.8016 -8.5928 -50.4618
-31.7222 35.2774 -11.7935 -60.9133
-126.4248 133.7699 -14.3699 -177.0888
-37.8141 23.5737 -10.1612 -46.7990
