-48.1582 -286.7329 -32.6436 -51.9563
-73.4942 -355.8617 -25.5749 -53.4468
-69.3957 -347.8568 -25.2572 -49.6936
-67.4150 -292.2427 -20.3092 -60.9840
-71.8323 -288.2420 -23.7781 -52.8312
-48.1227 -263.5126 -24.8652 -28.6249
-72.5012 -314.8566 -27.3936 -62.5820
-73.6555 -311.2380 -24.9825 -66.1236
-71.5189 -322.4144 -23.0066 -66.0649
-73.6408 -320.1453 -25.8199 -52.0800
-58.0552 -311.6106 -31.1026 -35.0613
-71.8568 -333.8634 -24.0347 -68.2629
-58.3879 -353.6086 -20.2211 -36.7230
-61.3073 -320.6859 -25.9487 -38.7950
-71.5559 -326.4316 -24.0668 -45.1309
-57.8889 -314.9863 -24.2545 -33.9700
