  Pol   Frozen  Disp     CT       (all energies in kJ/mol)
-47.5610 -285.7924 -21.8329 -61.9167
-74.8147 -345.7086 -20.1935 -62.1124
-70.8256 -339.2713 -20.1377 -58.1698
-67.6939 -288.5114 -10.9810 -68.4647
-72.8422 -279.3770 -15.0661 -61.8608
-48.8060 -256.9258 -20.8589 -34.4923
-72.8658 -311.9697 -18.2797 -70.5335
-73.8898 -308.4146 -16.1514 -73.9267
-71.6926 -319.7560 -13.9554 -73.7245
-74.6246 -312.9146 -18.1933 -61.0199
-59.4100 -303.7302 -29.9189 -41.7891
-72.0685 -331.6137 -13.9211 -76.4129
-59.6758 -347.4056 -13.8924 -44.5459
-62.4765 -314.0498 -23.0716 -45.4315
-72.2665 -318.4353 -18.8549 -51.9073
-59.3242 -307.9706 -23.5261 -39.9810
