  Pol   Frozen  Disp     CT       (all energies in kJ/mol)
-47.5610 -285.7924 -21.9586 -61.9167
-74.8147 -345.7086 -20.0990 -62.1124
-70.8256 -339.2713 -19.6680 -58.1698
-67.6939 -288.5114 -9.5032 -68.4647
-72.8422 -279.3770 -14.5626 -61.8608
-48.8060 -256.9258 -19.2128 -34.4923
-72.8658 -311.9697 -14.3908 -70.5335
-73.8898 -308.4146 -12.8078 -73.9267
-71.6926 -319.7560 -11.3189 -73.7245
-74.6246 -312.9146 -16.2768 -61.0199
-59.4100 -303.7302 -27.9340 -41.7891
-72.0685 -331.6137 -11.9417 -76.4129
-59.6758 -347.4056 -12.8987 -44.5459
-62.4765 -314.0498 -22.3563 -45.4315
-72.2665 -318.4353 -20.4667 -51.9073
-59.3242 -307.9706 -23.7354 -39.9810
