-49.5067 -284.0102 -40.9488 -42.2189
-74.2525 -352.0454 -29.0528 -49.3008
-70.2227 -343.7939 -28.7633 -45.6643
-67.8643 -287.8135 -22.4462 -55.6642
-72.6331 -283.8547 -27.5635 -48.9992
-49.1266 -260.0856 -28.7915 -25.4791
-73.5269 -309.2375 -31.7628 -56.9903
-74.6957 -305.7107 -28.5857 -60.6685
-72.4784 -317.0892 -25.6993 -60.5864
-74.6285 -315.2456 -30.3695 -48.1080
-58.9810 -306.3712 -36.8509 -31.4586
-72.7615 -328.0849 -26.5165 -62.5360
-59.1913 -349.8783 -23.6234 -32.9515
-62.2194 -316.0790 -29.5381 -35.3141
-72.1139 -322.8715 -26.0096 -41.8169
-58.3408 -310.4532 -27.2258 -30.8793
