  Pol   Frozen  Disp     CT       (all energies in kJ/mol)
-48.8200 -283.7383 -32.6608 -62.1315
-75.5591 -343.8338 -24.1711 -62.0336
-71.5346 -337.4159 -23.9371 -58.1304
-68.1470 -287.8913 -15.9498 -68.8286
-73.3622 -278.6986 -20.9864 -62.1117
-49.2705 -256.1030 -24.4393 -34.7422
-74.0138 -310.1152 -25.4691 -70.9377
-74.9341 -306.7701 -22.6992 -74.2555
-72.5244 -318.4605 -19.3481 -74.0595
-75.5642 -311.5944 -24.2725 -61.1689
-60.5126 -302.3179 -32.9064 -41.9589
-72.7176 -330.2271 -18.9738 -76.6535
-60.4280 -346.5633 -17.8275 -44.7705
-63.4067 -312.7718 -25.4225 -45.4949
-72.9919 -317.0014 -21.1228 -51.8383
-60.4261 -306.5334 -23.1550 -40.0256
