-48.7939 -282.9059 -35.9580 -62.0966
-75.4049 -343.0864 -29.8192 -61.7660
-71.3812 -336.5963 -29.5354 -57.8758
-68.3398 -286.8576 -21.0799 -68.6813
-73.1574 -277.9565 -27.9545 -61.6784
-49.2306 -255.6678 -29.3950 -34.5158
-74.2120 -309.1587 -29.8205 -70.7032
-75.1496 -305.7203 -27.2269 -74.0277
-72.7733 -317.3632 -24.4040 -73.9155
-75.4691 -310.7258 -30.6638 -60.7193
-60.5613 -301.7935 -37.7205 -41.6742
-73.0094 -328.9807 -24.7646 -76.5373
-60.4842 -346.0121 -23.7454 -44.5282
-63.5568 -312.1582 -30.7141 -45.1982
-73.0137 -316.4756 -26.7405 -51.6318
-60.5781 -305.8666 -27.6215 -39.7799
