  Pol   Frozen  Disp     CT       (all energies in kJ/mol)
-48.1582 -286.7329 -32.1402 -51.9563
-73.4942 -355.8617 -25.2256 -53.4468
-69.3957 -347.8568 -24.8345 -49.6936
-67.4150 -292.2427 -19.6437 -60.9840
-71.8323 -288.2420 -23.3020 -52.8312
-48.1227 -263.5126 -24.2795 -28.6249
-72.5012 -314.8566 -26.0706 -62.5820
-73.6555 -311.2380 -23.7374 -66.1236
-71.5189 -322.4144 -21.9228 -66.0649
-73.6408 -320.1453 -24.8603 -52.0800
-58.0552 -311.6106 -30.1004 -35.0613
-71.8568 -333.8634 -23.0838 -68.2629
-58.3879 -353.6086 -19.4774 -36.7230
-61.3073 -320.6859 -25.2949 -38.7950
-71.5559 -326.4316 -24.0983 -45.1309
-57.8889 -314.9863 -23.8045 -33.9700
