-48.2270 -283.8095 -29.4325 -62.0272
-75.0896 -343.9685 -26.4911 -61.7793
-71.0782 -337.4689 -26.1612 -57.8781
-68.1326 -287.2122 -17.4396 -68.5429
-72.9082 -278.3591 -23.5079 -61.5748
-49.0027 -256.1104 -25.9421 -34.4184
-73.6773 -310.0215 -24.1661 -70.5403
-74.6689 -306.4795 -22.1551 -73.8966
-72.3998 -317.9755 -20.1269 -73.7871
-75.0494 -311.3698 -25.4484 -60.6561
-60.0927 -302.4974 -33.3971 -41.6010
-72.7177 -329.6341 -20.7915 -76.4473
-60.1598 -346.4477 -19.9814 -44.4399
-63.1633 -312.7793 -27.7160 -45.1696
-72.6869 -317.1602 -25.0761 -51.6522
-60.1278 -306.5833 -25.8090 -39.7584
