  Pol   Frozen  Disp     CT       (all energies in kJ/mol)
-48.6220 -285.8243 -38.5496 -52.0614
-73.7224 -355.0677 -28.4580 -53.4589
-69.6303 -347.0690 -28.1010 -49.7022
-67.5900 -291.9211 -23.0575 -61.1114
-72.0332 -287.8732 -27.5369 -52.9236
-48.2833 -263.0856 -27.4270 -28.7088
-72.9414 -314.0493 -31.3430 -62.7294
-74.0530 -310.5414 -28.4841 -66.2419
-71.8252 -321.8562 -25.9646 -66.1782
-73.9722 -319.5564 -29.8561 -52.1442
-58.4343 -310.9499 -34.3162 -35.1332
-72.0949 -333.2583 -26.9048 -68.3418
-58.6448 -353.2153 -23.1117 -36.8003
-61.6196 -320.1147 -28.2175 -38.8361
-71.8028 -325.8056 -25.7103 -45.1308
-58.2540 -314.3350 -25.7395 -34.0055
