-48.2270 -283.8095 -29.4742 -62.0272
-75.0896 -343.9685 -26.7256 -61.7793
-71.0782 -337.4689 -26.4908 -57.8781
-68.1326 -287.2122 -18.0026 -68.5429
-72.9082 -278.3591 -23.9840 -61.5748
-49.0027 -256.1104 -26.3804 -34.4184
-73.6773 -310.0215 -25.3215 -70.5403
-74.6689 -306.4795 -23.2357 -73.8966
-72.3998 -317.9755 -21.0887 -73.7871
-75.0494 -311.3698 -26.4743 -60.6561
-60.0927 -302.4974 -34.2202 -41.6010
-72.7177 -329.6341 -21.6264 -76.4473
-60.1598 -346.4477 -20.8246 -44.4399
-63.1633 -312.7793 -28.1816 -45.1696
-72.6869 -317.1602 -24.7692 -51.6522
-60.1278 -306.5833 -26.0983 -39.7584
