0.2746 -1.3978 -0.0861 -1.1380
0.1915 -1.1061 -0.1739 -0.8749
0.1247 -0.8744 -0.2624 -0.6647
0.0782 -0.6892 -0.3635 -0.5064
0.0462 -0.5413 -0.4793 -0.3916
0.0106 -0.2516 -0.7313 -0.2072
0.0017 -0.0520 -0.5431 -0.0828
0.0013 0.0104 -0.0961 -0.0062
0.3430 -1.5799 0.2313 -1.3708
0.2569 -1.2307 0.0611 -1.0902
0.1805 -0.9564 -0.1069 -0.8476
0.1188 -0.7400 -0.2730 -0.6507
0.0753 -0.5695 -0.4422 -0.4993
0.0139 -0.2428 -0.8404 -0.2388
0.0006 -0.0254 -0.7242 -0.0834
0.0018 0.0325 -0.1683 -0.0044
-0.0529 -2.1092 -0.9912 -1.7923
0.1340 -1.6490 -0.9312 -1.7179
0.2032 -1.2922 -0.8556 -1.5315
0.2024 -1.0136 -0.7800 -1.2973
0.1706 -0.7954 -0.7317 -1.0617
0.0557 -0.3766 -0.7862 -0.5243
0.0012 -0.0793 -0.6689 -0.1850
0.0037 0.0303 -0.1594 -0.0363
0.5710 -2.3317 0.9450 -1.7750
0.4883 -1.8507 0.7167 -1.5010
0.3900 -1.4675 0.4635 -1.2287
0.2978 -1.1617 0.1983 -0.9840
0.2205 -0.9183 -0.0701 -0.7789
0.0791 -0.4409 -0.7737 -0.3854
0.0100 -0.1004 -0.9618 -0.1348
0.0014 0.0329 -0.2834 -0.0097
0.3317 -1.7162 0.3700 -1.4162
0.2582 -1.3411 0.1886 -1.1321
0.1902 -1.0468 0.0107 -0.8855
0.1335 -0.8148 -0.1623 -0.6842
0.0927 -0.6317 -0.3383 -0.5267
0.0302 -0.2791 -0.7848 -0.2548
0.0090 -0.0399 -0.7230 -0.0911
0.0031 0.0308 -0.1751 -0.0073
-0.2197 -2.7980 -0.4574 -1.8075
0.0381 -2.1983 -0.5674 -1.7968
0.1559 -1.7299 -0.6351 -1.6430
0.1883 -1.3623 -0.6651 -1.4214
0.1740 -1.0738 -0.6926 -1.1817
0.0754 -0.5237 -0.8420 -0.6015
0.0145 -0.1372 -0.7908 -0.2068
0.0069 0.0175 -0.2023 -0.0439
0.5470 -2.6880 1.0561 -2.0250
0.4642 -2.1537 0.7983 -1.7003
0.3670 -1.7264 0.5196 -1.3866
0.2782 -1.3838 0.2406 -1.1114
0.2059 -1.1095 -0.0368 -0.8840
0.0852 -0.5671 -0.7860 -0.4534
0.0229 -0.1294 -0.9961 -0.1546
0.0037 0.0207 -0.1812 -0.0096
0.2787 -1.5264 0.1195 -1.2008
0.2000 -1.2096 0.0216 -0.9238
0.1358 -0.9584 -0.0784 -0.7017
0.0881 -0.7583 -0.1922 -0.5332
0.0558 -0.5986 -0.3262 -0.4107
0.0180 -0.2855 -0.6640 -0.2146
0.0076 -0.0649 -0.5367 -0.0870
0.0026 0.0091 -0.1007 -0.0072
0.2397 -1.3822 -0.1554 -0.7456
0.1467 -1.0525 -0.4530 -0.5356
0.0847 -0.7990 -0.7209 -0.3841
0.0476 -0.6042 -0.9413 -0.2768
0.0264 -0.4546 -1.0590 -0.2036
0.0052 -0.1821 -1.0002 -0.0874
0.0025 -0.0254 -0.5362 -0.0220
0.0014 0.0089 -0.0586 0.0024
0.4407 -2.2918 1.2862 -1.5579
0.3071 -1.7740 0.8048 -1.1636
0.1928 -1.3702 0.3952 -0.8471
0.1089 -1.0545 0.0299 -0.6078
0.0509 -0.8081 -0.2802 -0.4357
-0.0068 -0.3495 -0.7991 -0.1795
0.0005 -0.0373 -0.5736 -0.0492
0.0013 0.0102 -0.0481 -0.0048
0.5608 -2.5353 2.2693 -1.4254
0.3908 -2.0077 1.5619 -1.0438
0.2685 -1.5851 0.9283 -0.7644
0.1870 -1.2459 0.3732 -0.5638
0.1312 -0.9739 -0.0684 -0.4228
0.0273 -0.2763 -0.9499 -0.1379
0.0034 0.0043 -0.5820 -0.0218
0.0011 0.0231 -0.0562 -0.0008
-0.0300 -2.4876 -0.0611 -1.8587
0.1353 -1.9498 -0.1539 -1.7689
0.1919 -1.5283 -0.2218 -1.5712
0.1857 -1.1969 -0.2834 -1.3279
0.1491 -0.9364 -0.3555 -1.0828
0.0327 -0.4392 -0.6609 -0.5245
-0.0118 -0.0944 -0.7550 -0.1733
0.0015 0.0311 -0.2197 -0.0324
0.4284 -2.0963 1.0211 -1.3099
0.3171 -1.6731 0.7214 -0.9729
0.2282 -1.3340 0.4193 -0.7109
0.1576 -1.0609 0.1116 -0.5161
0.1143 -0.8409 -0.2006 -0.3784
0.0437 -0.4024 -0.8577 -0.1660
0.0138 -0.0888 -0.8072 -0.0566
0.0052 0.0205 -0.1593 -0.0029
0.3736 -3.1496 0.6939 -2.2381
0.4279 -2.4977 0.4346 -1.9748
0.3894 -1.9827 0.2156 -1.6417
0.3106 -1.5725 0.0104 -1.3038
0.2208 -1.2459 -0.1850 -1.0027
0.0597 -0.6067 -0.7314 -0.4212
0.0138 -0.1536 -0.7865 -0.1368
0.0104 0.0224 -0.1748 -0.0339
0.7393 -3.1027 1.3684 -1.9831
0.5920 -2.5071 1.0050 -1.5854
0.4552 -2.0266 0.6342 -1.2361
0.3384 -1.6375 0.2638 -0.9479
0.2498 -1.3231 -0.1039 -0.7234
0.1056 -0.6915 -1.0044 -0.3293
0.0325 -0.2159 -1.1599 -0.1135
0.0067 0.0037 -0.2360 -0.0109
0.2019 -1.6689 0.4240 -0.8864
0.1365 -1.3342 0.2865 -0.6405
0.0885 -1.0663 0.1142 -0.4624
0.0604 -0.8504 -0.0948 -0.3399
0.0407 -0.6765 -0.3160 -0.2558
0.0166 -0.3314 -0.6590 -0.1313
0.0090 -0.0875 -0.4785 -0.0482
0.0038 0.0000 -0.0577 -0.0010
0.9223 -6.1822 2.2319 -4.1948
0.9570 -4.9842 1.9725 -3.6771
0.8884 -4.0123 1.6673 -3.1024
0.7726 -3.2237 1.3371 -2.5426
0.6456 -2.5872 0.9849 -2.0453
0.3421 -1.3225 -0.2348 -1.0268
0.1192 -0.3974 -1.1908 -0.3754
0.0123 0.0045 -0.5052 -0.0623
-0.2183 -2.1951 -0.7126 -1.4574
-0.0491 -1.7157 -0.6635 -1.3581
0.0235 -1.3410 -0.6063 -1.1796
0.0427 -1.0462 -0.5658 -0.9773
0.0389 -0.8138 -0.5644 -0.7860
0.0077 -0.3675 -0.7613 -0.3862
0.0005 -0.0603 -0.7290 -0.1472
0.0035 0.0343 -0.1927 -0.0272
-0.3200 -2.6581 -0.3049 -1.5212
-0.0989 -2.0922 -0.3487 -1.4604
0.0071 -1.6473 -0.3591 -1.2968
0.0476 -1.2960 -0.3635 -1.0940
0.0507 -1.0183 -0.4028 -0.8929
0.0253 -0.4843 -0.6397 -0.4453
0.0114 -0.1070 -0.7652 -0.1713
0.0059 0.0270 -0.2249 -0.0350
0.0334 -5.6116 1.9951 -4.5680
0.2880 -4.4715 1.9605 -4.2477
0.4380 -3.5514 1.7866 -3.8073
0.4998 -2.8108 1.5355 -3.3123
0.5031 -2.2198 1.2467 -2.8205
0.3718 -1.0763 0.2412 -1.6193
0.1615 -0.2738 -1.1172 -0.6395
0.0159 0.0557 -0.6809 -0.1159
1.0101 -5.5316 1.6218 -3.9997
0.9620 -4.4033 1.3910 -3.4732
0.8433 -3.4991 1.1203 -2.9110
0.7020 -2.7738 0.8214 -2.3800
0.5618 -2.1965 0.4886 -1.9161
0.2698 -1.0768 -0.6721 -0.9783
0.0747 -0.2924 -1.2427 -0.3616
0.0028 0.0271 -0.3513 -0.0441
0.5521 -5.9037 2.0376 -4.5034
0.6979 -4.7376 1.9013 -4.0826
0.7309 -3.7901 1.6698 -3.5621
0.6907 -3.0213 1.3897 -3.0173
0.6155 -2.4019 1.0841 -2.5042
0.3677 -1.1765 0.0221 -1.3458
0.1448 -0.2851 -1.2018 -0.5093
0.0168 0.0865 -0.6566 -0.0904
0.9743 -6.1083 1.8197 -4.2593
0.9894 -4.9201 1.6102 -3.8097
0.9206 -3.9526 1.3434 -3.2876
0.8056 -3.1650 1.0466 -2.7605
0.6778 -2.5276 0.7251 -2.2755
0.3677 -1.2550 -0.3665 -1.2183
0.1380 -0.3151 -1.2823 -0.4680
0.0179 0.0881 -0.6223 -0.0856
0.4740 -3.9650 8.9820 -1.9489
0.2676 -2.6868 6.3912 -1.2206
0.1588 -1.8379 4.6267 -0.8250
0.0913 -1.2489 3.1308 -0.5946
0.0535 -0.8270 1.8366 -0.4540
-0.0162 -0.2449 0.0056 -0.1733
-0.0112 -0.0257 -0.0800 0.0062
-0.0011 0.0037 0.0051 0.0134
0.6336 -4.4044 9.4470 -2.1551
0.4294 -3.0541 6.6984 -1.3365
0.3181 -2.1139 4.6283 -0.8587
0.2379 -1.4617 3.1061 -0.5917
0.1798 -1.0039 1.8092 -0.4286
0.0528 -0.3105 -0.1713 -0.1785
0.0005 -0.0334 -0.2384 -0.0102
-0.0001 0.0028 -0.0049 0.0132
1.2171 -5.8548 12.6872 -1.9701
1.0812 -4.3349 9.0557 -1.2961
0.9687 -3.1997 6.2311 -0.8961
0.8365 -2.3499 4.0049 -0.6590
0.6920 -1.7196 2.2522 -0.5024
0.2955 -0.6788 -0.6507 -0.2324
0.0560 -0.1704 -0.7494 -0.0505
0.0079 -0.0407 -0.0086 -0.0045
0.5746 -4.2463 9.4483 -2.1640
0.3621 -2.8725 6.6260 -1.3166
0.2440 -1.9517 4.6724 -0.8576
0.1739 -1.3364 3.1197 -0.5986
0.1184 -0.8920 1.8128 -0.4438
0.0193 -0.2714 -0.0823 -0.1776
-0.0058 -0.0275 -0.1520 -0.0014
-0.0007 0.0031 -0.0006 0.0132
0.9577 -4.3256 11.3328 -2.1725
0.8015 -3.0509 8.2576 -1.3863
0.6637 -2.1255 5.8977 -0.9278
0.5583 -1.4833 4.0538 -0.6665
0.4511 -1.0142 2.4943 -0.5056
0.1627 -0.2705 -0.1828 -0.2333
0.0223 0.0158 -0.3750 -0.0290
0.0005 0.0124 0.0244 0.0302
1.0119 -4.9829 12.6761 -2.5783
0.8237 -3.3432 8.9528 -1.4750
0.6888 -2.2130 6.0152 -0.8899
0.5680 -1.4588 3.7612 -0.5876
0.4310 -0.9401 2.0007 -0.4133
0.1387 -0.1867 -0.4790 -0.1574
0.0178 0.0491 -0.3293 -0.0133
0.0016 0.0294 0.0194 0.0119
0.2090 -2.1938 4.4302 -1.3597
0.0858 -1.4898 3.1016 -0.8530
0.0312 -1.0195 2.1474 -0.5702
0.0072 -0.6936 1.3891 -0.4167
-0.0048 -0.4540 0.6980 -0.3153
-0.0165 -0.1386 -0.1916 -0.1424
-0.0067 -0.0115 -0.1029 -0.0074
-0.0008 0.0038 0.0009 0.0109
0.4443 -2.1529 4.3547 -1.1400
0.3692 -1.5455 2.8670 -0.7023
0.3145 -1.1106 1.7828 -0.4540
0.2632 -0.7857 0.9636 -0.3176
0.2177 -0.5381 0.3097 -0.2381
0.0967 -0.1616 -0.5808 -0.1176
0.0194 -0.0017 -0.3459 -0.0209
0.0020 0.0080 -0.0121 0.0173
0.4462 -2.0898 5.0421 -1.1094
0.3771 -1.4731 3.6931 -0.6824
0.3170 -1.0228 2.5977 -0.4277
0.2601 -0.6962 1.6696 -0.2785
0.2144 -0.4627 0.9001 -0.1900
0.0874 -0.0997 -0.2919 -0.0781
0.0187 0.0361 -0.2712 -0.0097
0.0020 0.0221 -0.0054 0.0149
0.2489 -2.2606 4.4673 -1.3806
0.1430 -1.6069 3.1525 -0.8694
0.0879 -1.1387 2.1450 -0.5726
0.0552 -0.8013 1.3585 -0.4015
0.0379 -0.5583 0.6948 -0.2941
0.0004 -0.1884 -0.2582 -0.1325
-0.0033 -0.0297 -0.1741 -0.0152
-0.0007 -0.0012 -0.0016 0.0137
0.7939 -3.7498 4.5240 -1.5271
0.5208 -2.7075 2.3768 -0.9541
0.3402 -1.9516 0.7385 -0.6212
0.2128 -1.3992 -0.4051 -0.4366
0.1344 -0.9976 -1.2162 -0.3199
0.0221 -0.3498 -2.0003 -0.1423
0.0034 -0.0491 -0.9630 -0.0228
0.0025 0.0008 -0.0287 -0.0036
0.6167 -2.7812 2.1784 -1.2582
0.3927 -1.9345 0.5686 -0.7504
0.2430 -1.3534 -0.4297 -0.4691
0.1481 -0.9467 -0.9677 -0.3149
0.0851 -0.6612 -1.2560 -0.2281
0.0119 -0.2205 -1.3448 -0.1036
0.0017 -0.0279 -0.5295 -0.0268
0.0015 0.0005 0.0070 -0.0035
0.3665 -1.7311 -0.0028 -0.8009
0.2400 -1.2329 -0.7619 -0.5161
0.1526 -0.8771 -1.1934 -0.3425
0.0911 -0.6206 -1.3072 -0.2427
0.0517 -0.4360 -1.3202 -0.1793
0.0050 -0.1426 -1.0029 -0.0867
0.0011 -0.0133 -0.3234 -0.0277
0.0010 0.0026 0.0210 -0.0018
0.6122 -2.8726 2.3313 -1.3384
0.4010 -2.0167 0.8989 -0.8286
0.2602 -1.4271 -0.1578 -0.5328
0.1651 -1.0129 -0.8443 -0.3606
0.1014 -0.7196 -1.2049 -0.2597
0.0162 -0.2536 -1.3227 -0.1195
0.0002 -0.0373 -0.5865 -0.0364
0.0015 0.0022 -0.0087 -0.0054
0.5507 -3.0896 3.0057 -1.2854
0.3740 -2.2639 1.4850 -0.8451
0.2389 -1.5936 0.1629 -0.5605
0.1497 -1.1073 -0.7487 -0.3950
0.0895 -0.7688 -1.2611 -0.2989
0.0127 -0.2510 -1.5907 -0.1436
0.0022 -0.0325 -0.7038 -0.0392
0.0016 0.0006 -0.0197 -0.0058
0.5646 -3.4844 5.6710 -1.6390
0.3695 -2.4790 3.7356 -1.0689
0.2439 -1.7447 2.3656 -0.7249
0.1615 -1.2084 1.3037 -0.5235
0.1056 -0.8373 0.4419 -0.3973
0.0319 -0.2838 -0.8182 -0.1933
0.0013 -0.0540 -0.4179 -0.0272
-0.0003 -0.0041 0.0075 0.0146
0.4079 -2.6857 3.2816 -1.2487
0.2582 -1.8985 1.9412 -0.8232
0.1620 -1.3426 1.0907 -0.5672
0.1006 -0.9472 0.4399 -0.4157
0.0582 -0.6697 -0.0734 -0.3193
0.0037 -0.2347 -0.7552 -0.1474
-0.0033 -0.0489 -0.2632 -0.0131
-0.0005 -0.0077 0.0221 0.0174
0.9692 -4.0075 5.7442 -1.4049
0.7759 -2.9361 3.6170 -0.8986
0.6116 -2.1449 2.0504 -0.5872
0.4734 -1.5527 0.7693 -0.4017
0.3164 -1.0393 -0.4565 -0.2771
0.0875 -0.3172 -1.6047 -0.0971
0.0161 -0.0474 -0.5162 -0.0193
0.0023 -0.0035 -0.0089 0.0008
0.8024 -3.3890 5.6569 -1.3207
0.6297 -2.4097 3.3988 -0.8120
0.4854 -1.7089 1.8177 -0.5249
0.3653 -1.2035 0.6216 -0.3602
0.2644 -0.8423 -0.2815 -0.2635
0.0827 -0.2845 -1.3442 -0.1155
0.0184 -0.0468 -0.5801 -0.0319
0.0023 -0.0030 -0.0069 -0.0020
0.6184 -2.8521 3.7309 -0.9547
0.4863 -2.0443 2.2129 -0.5741
0.3781 -1.4633 1.1258 -0.3633
0.2782 -1.0434 0.2865 -0.2491
0.1975 -0.7423 -0.3703 -0.1824
0.0632 -0.2703 -1.0647 -0.0752
0.0105 -0.0587 -0.3927 -0.0178
0.0012 -0.0081 0.0072 -0.0012
0.2715 -1.9521 1.3496 -0.7554
0.1753 -1.4040 0.3526 -0.4919
0.1142 -1.0081 -0.3057 -0.3426
0.0714 -0.7208 -0.7609 -0.2567
0.0431 -0.5127 -1.1086 -0.1952
0.0051 -0.1770 -1.3546 -0.0812
0.0001 -0.0278 -0.5869 -0.0058
0.0007 -0.0007 -0.0503 0.0031
0.2349 -1.9432 2.1681 -0.7476
0.1343 -1.3759 1.1936 -0.4716
0.0814 -0.9745 0.5057 -0.3151
0.0513 -0.6897 -0.0042 -0.2262
0.0333 -0.4872 -0.3912 -0.1686
0.0117 -0.1712 -0.7218 -0.0686
0.0028 -0.0365 -0.2481 -0.0048
0.0001 -0.0040 -0.0042 0.0082
0.5500 -3.3033 4.1045 -1.0762
0.3826 -2.5210 2.5344 -0.7163
0.2706 -1.9190 1.3513 -0.4976
0.1794 -1.4527 0.4192 -0.3641
0.1213 -1.0927 -0.3561 -0.2797
0.0224 -0.4579 -1.5683 -0.1339
0.0007 -0.0885 -0.8656 -0.0203
0.0009 -0.0112 -0.0270 0.0014
0.2764 -2.4515 3.5692 -1.2030
0.1899 -1.7248 2.0614 -0.8192
0.1314 -1.2088 1.0871 -0.5828
0.0925 -0.8448 0.4568 -0.4373
0.0609 -0.5906 -0.0152 -0.3428
0.0106 -0.1929 -0.8094 -0.1672
0.0021 -0.0298 -0.4703 -0.0257
-0.0006 -0.0009 -0.0362 0.0151
0.4539 -2.6207 3.3537 -1.3187
0.3251 -1.9131 2.0061 -0.8634
0.2373 -1.3897 1.0993 -0.5859
0.1708 -1.0049 0.4661 -0.4150
0.1301 -0.7217 -0.0692 -0.3076
0.0396 -0.2520 -0.9768 -0.1458
0.0076 -0.0334 -0.6861 -0.0316
0.0019 0.0011 -0.0765 0.0059
0.3373 -2.4973 3.5707 -1.3172
0.2498 -1.7563 2.0121 -0.9042
0.1878 -1.2309 0.9979 -0.6453
0.1435 -0.8578 0.3540 -0.4857
0.1059 -0.5948 -0.1144 -0.3802
0.0363 -0.1883 -0.8956 -0.1873
0.0076 -0.0227 -0.5265 -0.0318
0.0009 0.0029 -0.0509 0.0152
0.0992 -2.0221 2.7456 -1.1706
0.1095 -1.4182 1.3921 -0.8418
0.1122 -0.9880 0.5040 -0.6291
0.0854 -0.6828 0.0205 -0.4812
0.0784 -0.4700 -0.3127 -0.3778
0.0362 -0.1431 -0.8024 -0.1890
0.0033 -0.0172 -0.5025 -0.0332
0.0006 0.0003 -0.0567 0.0113
0.0940 -1.1862 0.2328 -0.5987
0.0630 -0.8497 -0.1529 -0.4377
0.0403 -0.6049 -0.4090 -0.3253
0.0261 -0.4272 -0.5267 -0.2485
0.0184 -0.2991 -0.5589 -0.1944
0.0041 -0.0957 -0.5242 -0.0902
0.0018 -0.0084 -0.2457 -0.0097
0.0005 0.0022 -0.0250 0.0083
0.1327 -2.5686 3.1414 -1.3648
0.1592 -1.9117 2.0426 -1.0496
0.1728 -1.4203 1.0529 -0.8087
0.1719 -1.0514 0.2626 -0.6324
0.1655 -0.7756 -0.2943 -0.5050
0.1020 -0.3035 -0.8637 -0.2765
0.0197 -0.0573 -0.6717 -0.0758
0.0017 -0.0061 -0.0772 0.0206
0.3569 -2.4158 1.6732 -1.4823
0.2915 -1.8455 1.0442 -1.0784
0.2319 -1.4086 0.4537 -0.7843
0.1823 -1.0735 -0.0872 -0.5733
0.1455 -0.8175 -0.4866 -0.4268
0.0654 -0.3578 -0.9544 -0.1913
0.0154 -0.0905 -0.6174 -0.0430
0.0011 -0.0113 -0.0228 0.0112
0.0611 -1.6401 0.9427 -0.7858
0.0715 -1.1846 0.1888 -0.6169
0.0755 -0.8489 -0.4020 -0.4945
0.0748 -0.6083 -0.7853 -0.4048
0.0703 -0.4332 -0.9749 -0.3361
0.0386 -0.1485 -0.9989 -0.1820
0.0115 -0.0172 -0.5579 -0.0328
0.0024 0.0011 -0.0713 0.0140
0.0878 -2.4880 2.8839 -1.1258
0.1103 -1.8432 1.7484 -0.8493
0.1251 -1.3558 0.7587 -0.6580
0.1347 -0.9934 -0.0158 -0.5279
0.1286 -0.7253 -0.5280 -0.4321
0.0770 -0.2655 -1.0694 -0.2420
0.0213 -0.0409 -0.7697 -0.0573
0.0039 -0.0019 -0.0978 0.0202
0.1621 -2.2127 2.7024 -0.9820
0.1140 -1.6109 1.4842 -0.6854
0.0888 -1.1664 0.5628 -0.5025
0.0753 -0.8202 -0.1065 -0.3822
0.0671 -0.5685 -0.5352 -0.3071
0.0311 -0.1800 -0.9964 -0.1621
0.0075 -0.0202 -0.5290 -0.0260
0.0005 0.0011 -0.0470 0.0158
0.4483 -3.5540 4.8410 -1.6251
0.3712 -2.5318 2.8216 -1.1109
0.3246 -1.8001 1.2867 -0.7942
0.2791 -1.2792 0.2362 -0.5947
0.2441 -0.9096 -0.4397 -0.4639
0.1296 -0.3176 -1.2436 -0.2413
0.0290 -0.0544 -0.7395 -0.0520
0.0062 -0.0073 -0.0733 0.0226
0.6385 -3.1810 2.3031 -1.7788
0.4061 -2.3291 1.5196 -1.1760
0.1824 -1.4847 0.5237 -0.6316
0.0712 -0.9613 -0.1270 -0.3627
0.0209 -0.6260 -0.4532 -0.2322
-0.0035 -0.1657 -0.7259 -0.0975
-0.0009 -0.0039 -0.3673 -0.0269
0.0001 0.0083 -0.0246 -0.0019
0.1942 -1.3299 0.0570 -0.5176
0.1200 -1.0339 -0.0829 -0.3638
0.0746 -0.8006 -0.2626 -0.2636
0.0470 -0.6166 -0.4413 -0.1985
0.0317 -0.4722 -0.5650 -0.1572
0.0111 -0.2029 -0.5764 -0.0853
0.0049 -0.0418 -0.3268 -0.0207
0.0012 0.0004 -0.0314 0.0029
0.2291 -2.2917 1.4192 -2.0033
0.2344 -1.7394 0.9291 -1.5669
0.2126 -1.3175 0.5102 -1.2043
0.1795 -0.9948 0.1235 -0.9145
0.1485 -0.7485 -0.2223 -0.6958
0.0758 -0.3068 -0.7760 -0.3260
0.0156 -0.0520 -0.6293 -0.1016
0.0019 0.0073 -0.0896 0.0060
0.3933 -2.2118 1.4668 -0.6571
0.2961 -1.7120 0.6180 -0.4618
0.2182 -1.3187 -0.0696 -0.3365
0.1579 -1.0098 -0.6032 -0.2537
0.1097 -0.7704 -0.9923 -0.1976
0.0308 -0.3365 -1.4266 -0.0947
0.0030 -0.0602 -0.6904 -0.0145
0.0012 -0.0052 -0.0346 -0.0012
0.4876 -2.7885 2.3444 -0.9338
0.3353 -2.1077 1.2110 -0.6291
0.2262 -1.5874 0.3553 -0.4433
0.1497 -1.1925 -0.3405 -0.3247
0.0918 -0.8948 -0.8669 -0.2459
0.0178 -0.3720 -1.4952 -0.1113
0.0029 -0.0886 -0.7734 -0.0191
0.0014 -0.0106 -0.0351 0.0065
0.4433 -2.6727 5.0445 -1.3438
0.3390 -1.8846 3.2129 -0.8810
0.2537 -1.3214 1.9746 -0.6073
0.2011 -0.9210 1.0960 -0.4426
0.1483 -0.6368 0.4760 -0.3419
0.0513 -0.1860 -0.5892 -0.1631
0.0090 -0.0103 -0.3921 -0.0148
0.0001 0.0058 -0.0108 0.0179
0.2980 -2.0342 1.5817 -0.7768
0.2055 -1.5426 0.7554 -0.5422
0.1467 -1.1648 0.1704 -0.3927
0.1022 -0.8760 -0.2585 -0.2954
0.0734 -0.6555 -0.6009 -0.2295
0.0268 -0.2693 -1.1309 -0.1097
0.0049 -0.0502 -0.6136 -0.0144
0.0007 -0.0045 -0.0369 0.0046
0.3181 -2.3392 -0.0444 -1.1170
0.2681 -1.8044 -0.1222 -0.8857
0.2013 -1.3872 -0.2253 -0.6717
0.1397 -1.0608 -0.3593 -0.4974
0.0942 -0.8069 -0.5092 -0.3672
0.0299 -0.3378 -0.7325 -0.1668
0.0069 -0.0549 -0.5023 -0.0625
0.0024 0.0132 -0.0812 -0.0077
0.4321 -2.3524 2.8889 -1.5332
0.3012 -1.8205 2.0647 -1.0613
0.2090 -1.4033 1.3450 -0.7331
0.1451 -1.0760 0.7209 -0.5120
0.1005 -0.8199 0.1982 -0.3636
0.0375 -0.3453 -0.7026 -0.1511
0.0054 -0.0578 -0.7792 -0.0410
0.0012 0.0113 -0.1121 -0.0035
