Pol     Frozen  Disp    CT 
0.2399 1.6451 -0.5544 -3.3669
0.1303 1.4257 -0.6516 -2.6764
0.0501 1.2363 -0.7511 -2.1211
-0.0004 1.0743 -0.8624 -1.6844
-0.0301 0.9378 -0.9831 -1.3456
-0.0459 0.6474 -1.2108 -0.7161
-0.0268 0.3976 -0.8848 -0.2607
-0.0046 0.1908 -0.1639 -0.0271
0.2870 1.9260 -0.1398 -4.0334
0.1860 1.6949 -0.3664 -3.2773
0.1019 1.4874 -0.5807 -2.6393
0.0374 1.3042 -0.7832 -2.1140
-0.0055 1.1454 -0.9760 -1.6916
-0.0542 0.7953 -1.3724 -0.8755
-0.0383 0.4858 -1.1260 -0.3020
-0.0063 0.2332 -0.2475 -0.0317
-0.0430 1.3349 -1.6024 -5.1618
0.1267 1.3002 -1.5620 -4.6295
0.1831 1.2228 -1.5076 -4.0370
0.1698 1.1236 -1.4531 -3.4420
0.1252 1.0172 -1.4192 -2.8881
-0.0203 0.7263 -1.4212 -1.6213
-0.0710 0.4276 -1.0839 -0.6382
-0.0118 0.1968 -0.2680 -0.1349
0.5967 2.3874 0.9664 -5.1376
0.4963 2.2069 0.5839 -4.3402
0.3729 2.0237 0.1995 -3.6097
0.2576 1.8441 -0.1744 -2.9711
0.1630 1.6746 -0.5278 -2.4334
0.0047 1.2500 -1.3626 -1.3335
-0.0459 0.7986 -1.5447 -0.5055
-0.0136 0.3485 -0.3924 -0.0515
0.2486 1.8336 -0.0152 -4.1603
0.1632 1.6225 -0.2617 -3.3868
0.0914 1.4284 -0.4886 -2.7349
0.0355 1.2539 -0.6959 -2.1973
-0.0017 1.1011 -0.8903 -1.7629
-0.0453 0.7608 -1.3152 -0.9209
-0.0325 0.4592 -1.1246 -0.3252
-0.0053 0.2182 -0.2588 -0.0386
-0.2235 0.9507 -1.0603 -5.5078
0.0199 1.0047 -1.2614 -5.0074
0.1277 0.9945 -1.3910 -4.4181
0.1500 0.9459 -1.4597 -3.8074
0.1242 0.8770 -1.5030 -3.2227
-0.0076 0.6458 -1.5723 -1.8409
-0.0713 0.3763 -1.2422 -0.7219
-0.0139 0.1676 -0.3264 -0.1538
0.4705 2.1491 0.9074 -5.7038
0.3606 1.9957 0.5030 -4.8055
0.2444 1.8301 0.1099 -4.0000
0.1454 1.6622 -0.2551 -3.3068
0.0704 1.4996 -0.5925 -2.7264
-0.0321 1.0809 -1.4069 -1.5392
-0.0428 0.5927 -1.5466 -0.5411
-0.0073 0.1916 -0.2587 -0.0418
0.2425 1.5392 -0.3008 -3.5220
0.1350 1.3404 -0.4299 -2.7982
0.0566 1.1650 -0.5573 -2.2162
0.0048 1.0127 -0.6915 -1.7576
-0.0254 0.8829 -0.8346 -1.4020
-0.0428 0.6047 -1.1401 -0.7429
-0.0230 0.3679 -0.8825 -0.2721
-0.0034 0.1750 -0.1713 -0.0299
0.2154 0.3415 -0.7947 -2.1445
0.1160 0.3307 -1.1599 -1.6254
0.0514 0.3098 -1.4415 -1.2328
0.0141 0.2847 -1.6395 -0.9371
-0.0059 0.2596 -1.7184 -0.7175
-0.0194 0.1999 -1.5082 -0.3325
-0.0093 0.1356 -0.7613 -0.0995
0.0002 0.0643 -0.0901 -0.0091
0.3029 -0.0378 1.2422 -3.7068
0.1906 0.0552 0.5386 -2.8875
0.0909 0.1061 -0.0511 -2.2240
0.0169 0.1315 -0.5467 -1.7022
-0.0336 0.1422 -0.9359 -1.3023
-0.0701 0.1393 -1.4543 -0.6061
-0.0201 0.1035 -0.8436 -0.1573
0.0002 0.0462 -0.0744 -0.0209
0.5022 0.3051 2.5982 -3.5227
0.3236 0.4035 1.6264 -2.7264
0.2008 0.4555 0.7610 -2.1158
0.1229 0.4767 0.0088 -1.6492
0.0725 0.4791 -0.5944 -1.2943
-0.0068 0.4002 -1.6565 -0.4503
-0.0078 0.2509 -0.7913 -0.0825
0.0006 0.1122 -0.0746 -0.0073
-0.0666 1.2431 -0.3167 -5.3885
0.0878 1.2330 -0.5101 -4.8057
0.1375 1.1775 -0.6721 -4.1727
0.1250 1.0962 -0.8167 -3.5448
0.0817 1.0041 -0.9540 -2.9624
-0.0523 0.7356 -1.3035 -1.6358
-0.0869 0.4427 -1.2092 -0.6112
-0.0148 0.2053 -0.3340 -0.1141
0.3703 1.4544 0.7764 -3.6085
0.2604 1.3367 0.3179 -2.8153
0.1718 1.2199 -0.1022 -2.1833
0.1013 1.1100 -0.4870 -1.6893
0.0586 1.0106 -0.8366 -1.3125
-0.0016 0.7799 -1.4587 -0.6367
-0.0075 0.5513 -1.2014 -0.2156
0.0030 0.3098 -0.2383 -0.0290
0.2974 0.8380 0.2483 -5.6656
0.3652 0.9102 -0.1565 -4.8887
0.3328 0.9177 -0.4880 -4.1069
0.2531 0.8884 -0.7720 -3.3773
0.1572 0.8395 -1.0101 -2.7371
-0.0299 0.6662 -1.4810 -1.4085
-0.0683 0.4518 -1.2447 -0.5206
-0.0082 0.2520 -0.2833 -0.1207
0.7569 1.5675 1.1652 -5.1512
0.5747 1.5339 0.5766 -4.1954
0.4136 1.4672 0.0373 -3.3851
0.2821 1.3818 -0.4481 -2.7171
0.1863 1.2877 -0.8810 -2.1820
0.0443 1.0158 -1.7726 -1.1545
-0.0114 0.6905 -1.6927 -0.4419
-0.0075 0.3264 -0.3342 -0.0577
0.1950 1.2884 0.0233 -2.6282
0.1143 1.1642 -0.1840 -2.0099
0.0590 1.0497 -0.4033 -1.5414
0.0279 0.9475 -0.6329 -1.1913
0.0083 0.8585 -0.8497 -0.9293
-0.0086 0.6608 -1.1194 -0.4689
-0.0034 0.4696 -0.7797 -0.1608
0.0021 0.2653 -0.1149 -0.0165
1.2551 5.3443 2.0789 -12.7086
1.0688 4.9511 1.5856 -10.7845
0.8502 4.5361 1.1038 -9.0231
0.6409 4.1180 0.6427 -7.4689
0.4630 3.7136 0.1996 -6.1466
0.1454 2.6614 -1.0925 -3.4082
0.0040 1.5207 -1.9349 -1.3455
-0.0240 0.6026 -0.7401 -0.2238
-0.3624 1.0606 -1.2425 -4.6720
-0.1848 1.0496 -1.2476 -4.0986
-0.1076 0.9990 -1.2392 -3.5038
-0.0860 0.9275 -1.2356 -2.9380
-0.0876 0.8483 -1.2528 -2.4333
-0.1045 0.6242 -1.3772 -1.3449
-0.0693 0.3825 -1.1220 -0.5239
-0.0114 0.1753 -0.2940 -0.0902
-0.5301 0.7558 -0.7890 -5.0075
-0.2824 0.8153 -0.8982 -4.4573
-0.1585 0.8168 -0.9686 -3.8594
-0.1072 0.7834 -1.0228 -3.2725
-0.0972 0.7474 -1.0959 -2.7382
-0.1069 0.5485 -1.2902 -1.5360
-0.0770 0.3411 -1.1776 -0.6111
-0.0154 0.1524 -0.3399 -0.1126
-0.9904 10.2914 2.0664 -15.0452
-0.7477 9.2580 1.7737 -13.2936
-0.5742 8.2849 1.3951 -11.5775
-0.4583 7.3770 0.9868 -9.9621
-0.3791 6.5423 0.5820 -8.5018
-0.2357 4.4869 -0.5755 -5.1494
-0.1029 2.3778 -1.8696 -2.2129
-0.0441 0.8052 -1.0344 -0.4025
1.0763 5.3688 1.4410 -11.7639
0.7878 4.9956 0.9907 -9.8649
0.5358 4.5929 0.5452 -8.1840
0.3374 4.1837 0.1095 -6.7441
0.1902 3.7832 -0.3227 -5.5445
-0.0023 2.7283 -1.5820 -3.1099
-0.0485 1.5795 -2.0769 -1.2595
-0.0289 0.5729 -0.5438 -0.1625
0.3306 7.9544 2.0624 -13.9641
0.3681 7.2913 1.6820 -12.1782
0.3307 6.6404 1.2599 -10.4573
0.2547 6.0130 0.8334 -8.8703
0.1721 5.4217 0.4192 -7.4655
-0.0003 3.9178 -0.7830 -4.3567
-0.0494 2.3000 -1.9505 -1.8102
-0.0368 0.9701 -0.9615 -0.3233
1.3907 5.9616 1.7727 -12.7462
1.1357 5.6378 1.3277 -10.9485
0.8828 5.2750 0.8762 -9.2869
0.6534 4.8935 0.4366 -7.8046
0.4638 4.5110 0.0092 -6.5254
0.1390 3.4617 -1.2163 -3.7971
0.0072 2.2277 -2.0848 -1.6172
-0.0301 1.0933 -0.9010 -0.3102
0.5211 -4.5820 11.3897 -2.9920
0.3199 -3.1261 7.6548 -1.9836
0.2196 -2.1996 5.0595 -1.4102
0.1559 -1.5759 3.0385 -1.0554
0.1156 -1.1370 1.4832 -0.8192
0.0263 -0.5007 -0.2818 -0.3474
0.0065 -0.1688 -0.1283 -0.0519
0.0015 -0.0353 0.0112 0.0042
0.6303 -4.4124 11.9788 -3.3193
0.4323 -2.9505 8.0454 -2.1647
0.3330 -1.9965 5.1024 -1.4642
0.2625 -1.3642 3.0165 -1.0467
0.2085 -0.9419 1.4245 -0.7757
0.0772 -0.3144 -0.5515 -0.3365
0.0119 -0.0388 -0.3019 -0.0587
0.0021 0.0212 0.0013 0.0054
0.8715 -1.4684 15.2225 -4.1804
0.8302 -0.8100 10.2652 -2.8527
0.7859 -0.3840 6.4019 -2.0062
0.7024 -0.1057 3.4511 -1.4586
0.5899 0.0660 1.2910 -1.0817
0.2448 0.2625 -1.5380 -0.4592
0.0402 0.2375 -0.9495 -0.1146
0.0098 0.0949 -0.0047 -0.0188
0.5899 -4.4765 12.0734 -3.3443
0.3853 -2.9822 8.0010 -2.1481
0.2803 -2.0308 5.1364 -1.4718
0.2176 -1.4253 3.0204 -1.0666
0.1642 -0.9967 1.4334 -0.8056
0.0532 -0.3965 -0.4147 -0.3469
0.0088 -0.1033 -0.2075 -0.0554
0.0017 -0.0096 0.0053 0.0046
0.9175 -2.8208 14.3322 -3.8724
0.7856 -1.8044 9.8368 -2.5845
0.6679 -1.1248 6.4022 -1.7985
0.5731 -0.7104 3.8534 -1.3164
0.4697 -0.4269 1.9286 -1.0008
0.1780 -0.0359 -0.6992 -0.4672
0.0295 0.0496 -0.4882 -0.1135
0.0033 -0.0100 0.0305 0.0115
0.8625 -2.8868 16.0339 -4.6287
0.7283 -1.6154 10.5198 -2.8033
0.6306 -0.8364 6.3223 -1.7772
0.5314 -0.3864 3.3335 -1.1974
0.4062 -0.1084 1.2754 -0.8422
0.1276 0.2129 -0.9791 -0.3207
0.0160 0.2041 -0.4215 -0.0624
0.0029 0.0763 0.0269 0.0033
0.1509 -2.6231 5.7316 -2.2502
0.0552 -1.8644 3.6947 -1.5038
0.0237 -1.3698 2.2423 -1.0647
0.0146 -1.0320 1.1901 -0.8030
0.0106 -0.7791 0.3675 -0.6226
0.0004 -0.4094 -0.4197 -0.3033
0.0023 -0.1743 -0.1573 -0.0738
0.0005 -0.0488 0.0032 -0.0003
0.3335 -0.7752 5.4621 -2.1879
0.2908 -0.4595 3.2849 -1.4410
0.2618 -0.2582 1.6968 -0.9909
0.2293 -0.1169 0.5607 -0.7206
0.1966 -0.0074 -0.2403 -0.5500
0.0907 0.1170 -0.9950 -0.2821
0.0179 0.1241 -0.4524 -0.0963
0.0029 0.0546 -0.0129 -0.0026
0.3692 -0.5264 6.2988 -2.1548
0.3230 -0.1872 4.2333 -1.4212
0.2787 0.0226 2.5873 -0.9618
0.2328 0.1478 1.3015 -0.6748
0.1941 0.2160 0.3590 -0.4920
0.0779 0.2611 -0.7297 -0.2299
0.0156 0.1850 -0.3955 -0.0743
0.0027 0.0644 -0.0084 -0.0011
0.1471 -2.4668 5.7311 -2.2915
0.0740 -1.8055 3.7210 -1.5279
0.0464 -1.3449 2.2183 -1.0644
0.0336 -1.0177 1.1253 -0.7788
0.0288 -0.7816 0.3176 -0.5897
0.0050 -0.4001 -0.5545 -0.2861
0.0019 -0.1714 -0.2532 -0.0809
0.0006 -0.0507 -0.0015 -0.0008
0.4402 -1.3260 5.7248 -3.7462
0.2518 -0.9568 2.4696 -2.5659
0.1296 -0.6970 0.0729 -1.7968
0.0462 -0.5053 -1.5001 -1.2970
0.0020 -0.3650 -2.4669 -0.9519
-0.0432 -0.1367 -2.8694 -0.3968
-0.0166 -0.0165 -1.2115 -0.0864
0.0012 0.0024 -0.0497 -0.0129
0.3641 -0.7565 2.4444 -3.0148
0.2131 -0.5004 0.3590 -1.9941
0.1039 -0.3420 -0.9627 -1.3555
0.0363 -0.2361 -1.6990 -0.9512
-0.0056 -0.1632 -2.0706 -0.6888
-0.0344 -0.0532 -1.9224 -0.2890
-0.0119 -0.0016 -0.7041 -0.0794
0.0008 0.0014 -0.0071 -0.0136
0.1979 -0.2228 -0.6318 -2.1170
0.1115 -0.1396 -1.4560 -1.4765
0.0489 -0.0918 -1.8905 -1.0433
0.0056 -0.0622 -1.9848 -0.7551
-0.0188 -0.0424 -1.9660 -0.5566
-0.0309 -0.0142 -1.4317 -0.2467
-0.0086 -0.0002 -0.4651 -0.0777
0.0005 -0.0005 0.0091 -0.0126
0.3512 -0.8094 2.5905 -3.1580
0.2157 -0.5294 0.5889 -2.1467
0.1187 -0.3552 -0.7955 -1.4944
0.0518 -0.2423 -1.6226 -1.0661
0.0088 -0.1674 -2.0016 -0.7805
-0.0343 -0.0557 -1.9008 -0.3393
-0.0156 -0.0054 -0.7820 -0.1012
0.0004 0.0017 -0.0296 -0.0174
0.2743 -1.1925 3.4447 -3.1671
0.1564 -0.8494 1.3412 -2.2499
0.0667 -0.5863 -0.4362 -1.5758
0.0121 -0.4033 -1.6102 -1.1261
-0.0207 -0.2796 -2.2099 -0.8304
-0.0418 -0.0922 -2.2719 -0.3589
-0.0134 -0.0103 -0.9025 -0.0984
0.0007 0.0010 -0.0348 -0.0153
0.4254 -2.2342 7.6111 -3.1606
0.2668 -1.5059 4.7135 -2.1735
0.1724 -1.0133 2.5213 -1.5375
0.1154 -0.6706 0.8816 -1.1297
0.0782 -0.4449 -0.2545 -0.8590
0.0303 -0.1380 -1.2913 -0.4111
0.0059 -0.0202 -0.5290 -0.1009
0.0013 0.0027 0.0065 0.0009
0.3043 -1.3636 4.3888 -2.4068
0.1876 -0.8780 2.3630 -1.6676
0.1158 -0.5651 0.9603 -1.1958
0.0725 -0.3609 -0.0376 -0.8929
0.0431 -0.2305 -0.6879 -0.6877
0.0076 -0.0439 -1.1180 -0.3281
0.0030 0.0121 -0.3645 -0.0790
0.0014 0.0099 0.0204 0.0028
0.6726 -1.5188 7.8505 -3.1942
0.5515 -1.0482 4.4105 -2.1835
0.4385 -0.7310 1.8072 -1.5127
0.3384 -0.5063 -0.1327 -1.0707
0.2156 -0.3173 -1.6442 -0.7324
0.0439 -0.0782 -2.2016 -0.2534
0.0055 0.0027 -0.6454 -0.0609
0.0029 0.0036 -0.0070 -0.0061
0.5267 -1.3126 7.2957 -2.9645
0.4213 -0.8914 3.9186 -1.9575
0.3240 -0.6119 1.5044 -1.3314
0.2384 -0.4184 -0.1972 -0.9338
0.1637 -0.2846 -1.2952 -0.6762
0.0320 -0.0873 -1.9733 -0.2810
0.0027 -0.0039 -0.7311 -0.0826
0.0020 0.0076 -0.0092 -0.0113
0.3654 -0.9176 4.9067 -2.1540
0.2966 -0.6011 2.4947 -1.4072
0.2327 -0.3960 0.7359 -0.9500
0.1654 -0.2589 -0.4841 -0.6680
0.1092 -0.1677 -1.2480 -0.4855
0.0194 -0.0407 -1.5592 -0.1998
-0.0029 0.0042 -0.5252 -0.0587
0.0010 0.0057 0.0038 -0.0099
0.1264 -0.8537 1.8588 -1.8729
0.0659 -0.6137 0.2637 -1.3036
0.0309 -0.4443 -0.8369 -0.9412
0.0079 -0.3211 -1.5430 -0.7033
-0.0057 -0.2304 -1.9566 -0.5317
-0.0182 -0.0793 -1.8539 -0.2321
-0.0071 -0.0102 -0.7201 -0.0560
0.0004 0.0011 -0.0576 -0.0068
0.1391 -1.1859 2.4789 -1.6719
0.0613 -0.8218 0.9811 -1.1302
0.0275 -0.5751 -0.0406 -0.7962
0.0125 -0.4049 -0.6959 -0.5851
0.0058 -0.2854 -1.0770 -0.4410
0.0018 -0.1013 -1.0683 -0.1978
0.0009 -0.0225 -0.3434 -0.0530
0.0003 -0.0008 -0.0070 -0.0016
0.3684 -1.1860 5.4052 -2.8169
0.2312 -0.9073 2.9105 -2.0109
0.1458 -0.6987 0.9855 -1.4662
0.0784 -0.5357 -0.4569 -1.0929
0.0408 -0.4052 -1.4970 -0.8312
-0.0158 -0.1748 -2.4812 -0.3791
-0.0077 -0.0334 -1.0997 -0.0816
0.0018 -0.0075 -0.0412 -0.0074
0.3205 -1.0855 4.9194 -2.2385
0.2280 -0.6071 2.8300 -1.5844
0.1652 -0.3070 1.3269 -1.1619
0.1234 -0.1218 0.2754 -0.8844
0.0894 -0.0114 -0.4605 -0.6936
0.0317 0.1175 -1.2406 -0.3443
0.0125 0.1101 -0.5651 -0.0891
0.0020 0.0484 -0.0363 0.0020
0.4484 -0.5727 4.6411 -2.6483
0.3275 -0.2343 2.7175 -1.8378
0.2401 -0.0189 1.2645 -1.3049
0.1726 0.1143 0.1812 -0.9497
0.1311 0.1967 -0.6506 -0.7086
0.0417 0.2803 -1.5763 -0.3230
0.0113 0.2323 -0.8346 -0.0855
0.0043 0.1085 -0.0822 -0.0035
0.4161 -0.8308 4.9548 -2.4399
0.3149 -0.3690 2.8201 -1.7329
0.2427 -0.0889 1.2782 -1.2708
0.1911 0.0797 0.2036 -0.9674
0.1478 0.1781 -0.5463 -0.7571
0.0642 0.2656 -1.3503 -0.3768
0.0204 0.2107 -0.6254 -0.0983
0.0042 0.0983 -0.0507 0.0020
0.2688 -0.1165 3.7803 -2.2955
0.2411 0.1882 2.0547 -1.6758
0.2163 0.3551 0.7861 -1.2574
0.1689 0.4362 -0.0496 -0.9611
0.1456 0.4635 -0.6457 -0.7488
0.0709 0.4231 -1.2340 -0.3701
0.0153 0.2691 -0.5850 -0.0952
0.0029 0.1015 -0.0560 0.0004
0.1599 -0.1213 0.0210 -1.3355
0.1068 0.0275 -0.4075 -0.9957
0.0685 0.1139 -0.7053 -0.7516
0.0439 0.1605 -0.8636 -0.5774
0.0294 0.1819 -0.9225 -0.4510
0.0065 0.1757 -0.8136 -0.2193
0.0022 0.1131 -0.3194 -0.0579
0.0009 0.0399 -0.0277 -0.0011
0.0847 0.8968 3.5303 -3.2179
0.1396 1.0114 2.0610 -2.4884
0.1681 1.0363 0.8450 -1.9296
0.1752 1.0113 -0.0689 -1.5097
0.1730 0.9590 -0.6930 -1.1959
0.1119 0.7523 -1.3411 -0.6248
0.0259 0.4631 -0.8993 -0.1970
0.0040 0.1714 -0.1018 -0.0033
0.2379 0.6037 1.7957 -3.1073
0.2131 0.7505 0.7769 -2.3408
0.1831 0.8092 -0.0887 -1.7693
0.1555 0.8131 -0.7891 -1.3459
0.1341 0.7844 -1.2503 -1.0363
0.0747 0.6249 -1.5682 -0.4999
0.0252 0.3725 -0.8549 -0.1508
0.0062 0.1158 -0.0578 -0.0074
-0.0119 0.5226 0.9532 -1.8821
0.0223 0.6368 0.0007 -1.4690
0.0437 0.6858 -0.6963 -1.1611
0.0563 0.6861 -1.1421 -0.9297
0.0617 0.6653 -1.3759 -0.7521
0.0442 0.5530 -1.4015 -0.3939
0.0182 0.3680 -0.7008 -0.1069
0.0051 0.1585 -0.0836 0.0010
-0.0293 -0.4897 3.4994 -2.7663
0.0321 -0.1127 1.9201 -2.1083
0.0742 0.1338 0.6338 -1.6330
0.1030 0.2840 -0.3214 -1.2895
0.1103 0.3707 -0.9392 -1.0322
0.0782 0.4431 -1.5611 -0.5461
0.0265 0.3436 -0.9587 -0.1643
0.0065 0.1496 -0.1103 -0.0005
0.0409 -0.8065 3.4340 -2.1554
0.0327 -0.4340 1.7505 -1.5757
0.0371 -0.1892 0.4902 -1.1894
0.0460 -0.0232 -0.4276 -0.9106
0.0532 0.0798 -1.0054 -0.7172
0.0353 0.1874 -1.4416 -0.3680
0.0127 0.1555 -0.6424 -0.1027
0.0021 0.0623 -0.0500 -0.0005
0.4147 -0.7859 6.1658 -3.3589
0.3574 -0.2369 3.4134 -2.3876
0.3253 0.0958 1.3464 -1.7539
0.2902 0.2864 -0.0635 -1.3284
0.2616 0.3888 -0.9512 -1.0342
0.1507 0.4634 -1.7841 -0.5283
0.0417 0.3544 -0.8859 -0.1582
0.0106 0.1630 -0.0772 0.0001
0.6672 0.5770 2.3534 -4.2897
0.4325 0.6262 1.4188 -3.0354
0.1882 0.6096 0.2405 -1.8396
0.0594 0.5571 -0.5693 -1.1679
-0.0004 0.4994 -1.0242 -0.7818
-0.0249 0.3545 -1.2827 -0.2959
-0.0080 0.2040 -0.5295 -0.0798
-0.0007 0.0757 -0.0363 -0.0109
0.2837 0.7031 -0.2460 -1.6506
0.1877 0.6575 -0.4422 -1.2285
0.1265 0.6090 -0.6514 -0.9261
0.0874 0.5615 -0.8365 -0.7079
0.0634 0.5169 -0.9536 -0.5504
0.0271 0.4047 -0.9209 -0.2701
0.0108 0.2712 -0.4942 -0.0767
0.0031 0.1248 -0.0510 -0.0028
0.0451 2.0910 1.4228 -4.8205
0.1210 1.9035 0.7261 -3.8167
0.1376 1.7001 0.1351 -2.9926
0.1252 1.4993 -0.3766 -2.3318
0.1058 1.3122 -0.7963 -1.8185
0.0501 0.8664 -1.3465 -0.8895
0.0050 0.4484 -0.9515 -0.2939
0.0012 0.1466 -0.1408 -0.0265
0.2464 -0.7068 1.4974 -1.7993
0.1750 -0.5366 0.1936 -1.3251
0.1190 -0.4042 -0.8034 -0.9915
0.0770 -0.3016 -1.5099 -0.7521
0.0440 -0.2241 -1.9524 -0.5781
-0.0042 -0.0843 -2.1302 -0.2663
-0.0073 0.0018 -0.8859 -0.0533
0.0012 0.0058 -0.0456 -0.0055
0.3630 -1.0199 2.8671 -2.4787
0.2345 -0.7575 1.0231 -1.7786
0.1447 -0.5624 -0.3405 -1.3031
0.0844 -0.4191 -1.3296 -0.9712
0.0404 -0.3135 -1.9544 -0.7353
-0.0050 -0.1261 -2.2346 -0.3330
-0.0012 -0.0255 -1.0086 -0.0915
0.0030 -0.0035 -0.0584 -0.0081
0.5095 -0.8696 6.5063 -2.5146
0.3935 -0.4162 3.9677 -1.7205
0.3013 -0.1358 2.1718 -1.2258
0.2435 0.0357 0.8846 -0.9092
0.1861 0.1359 0.0110 -0.7005
0.0754 0.2409 -1.0569 -0.3361
0.0187 0.1818 -0.4985 -0.0738
0.0025 0.0683 -0.0104 0.0060
0.2979 -0.5059 1.9169 -1.8257
0.2024 -0.3003 0.6721 -1.3429
0.1441 -0.1580 -0.2575 -1.0105
0.1013 -0.0618 -0.9276 -0.7768
0.0743 0.0040 -1.3914 -0.6078
0.0295 0.0923 -1.7350 -0.3011
0.0065 0.0967 -0.7782 -0.0793
0.0018 0.0327 -0.0423 -0.0039
0.2844 0.3611 -0.5399 -3.1327
0.2612 0.4525 -0.6774 -2.5229
0.2065 0.4913 -0.8150 -1.9957
0.1487 0.4974 -0.9544 -1.5642
0.1025 0.4839 -1.0833 -1.2249
0.0279 0.3992 -1.1817 -0.6086
-0.0034 0.2622 -0.7574 -0.2101
0.0005 0.1137 -0.1166 -0.0319
0.2725 -0.7299 3.4505 -3.4987
0.1665 -0.4878 2.2416 -2.5444
0.0946 -0.3155 1.2111 -1.8581
0.0481 -0.1929 0.3533 -1.3692
0.0186 -0.1043 -0.3284 -1.0202
-0.0101 0.0385 -1.3422 -0.4549
-0.0120 0.0970 -1.0726 -0.1356
0.0001 0.0597 -0.1463 -0.0187
