0.3736 1.6516 4.1006 -3.3201
0.2759 1.5414 2.9854 -2.6034
0.2011 1.4169 2.0419 -2.0333
0.1493 1.2888 1.2213 -1.5899
0.1128 1.1650 0.5299 -1.2505
0.0590 0.8508 -0.5148 -0.6385
0.0177 0.5244 -0.4504 -0.2232
-0.0004 0.2431 -0.1350 -0.0246
0.4946 1.8872 4.3402 -4.0085
0.3946 1.7972 3.1255 -3.2226
0.3077 1.6769 2.0998 -2.5635
0.2363 1.5424 1.2185 -2.0251
0.1829 1.4055 0.4679 -1.5967
0.0896 1.0389 -0.7815 -0.7905
0.0310 0.6421 -0.6831 -0.2593
0.0018 0.2974 -0.2075 -0.0277
0.0598 1.0131 3.1889 -5.0759
0.2596 1.1886 2.4657 -4.5208
0.3381 1.2555 1.9256 -3.9065
0.3394 1.2508 1.4842 -3.2938
0.3026 1.2019 1.0732 -2.7284
0.1497 0.9552 -0.0056 -1.4634
0.0346 0.5923 -0.3777 -0.5408
0.0033 0.2629 -0.1616 -0.1187
0.8221 2.0131 5.9586 -5.1112
0.7088 2.0717 4.4645 -4.2760
0.5760 2.0560 3.1604 -3.5178
0.4526 1.9896 2.0186 -2.8610
0.3496 1.8922 1.0291 -2.3134
0.1594 1.5372 -0.8530 -1.2172
0.0462 1.0252 -0.9866 -0.4366
-0.0004 0.4367 -0.3147 -0.0437
0.4667 1.7388 4.5847 -4.1615
0.3812 1.6743 3.4032 -3.3538
0.3050 1.5730 2.4054 -2.6763
0.2405 1.4527 1.5411 -2.1213
0.1912 1.3267 0.7858 -1.6776
0.0998 0.9806 -0.6097 -0.8377
0.0372 0.6005 -0.6481 -0.2808
0.0035 0.2746 -0.2098 -0.0340
-0.0378 0.4823 3.2577 -5.4360
0.2195 0.7784 2.5138 -4.9125
0.3368 0.9382 1.9783 -4.3003
0.3640 1.0047 1.5646 -3.6702
0.3390 1.0093 1.1841 -3.0715
0.1893 0.8506 0.1046 -1.6844
0.0532 0.5304 -0.4257 -0.6202
0.0053 0.2266 -0.1933 -0.1325
0.7265 1.7114 6.0853 -5.7044
0.6075 1.7986 4.6727 -4.7611
0.4841 1.8029 3.4367 -3.9214
0.3780 1.7510 2.3528 -3.2050
0.2947 1.6635 1.3963 -2.6102
0.1574 1.3212 -0.5858 -1.4186
0.0615 0.7667 -0.8731 -0.4734
0.0017 0.2379 -0.2205 -0.0379
0.3864 1.4996 4.4936 -3.4989
0.2860 1.4152 3.3707 -2.7413
0.2099 1.3096 2.4177 -2.1387
0.1550 1.1955 1.5781 -1.6694
0.1171 1.0822 0.8465 -1.3103
0.0609 0.7878 -0.3909 -0.6645
0.0212 0.4809 -0.4329 -0.2332
0.0011 0.2198 -0.1375 -0.0267
0.3224 0.3396 1.5373 -2.0780
0.2179 0.4020 0.7223 -1.5532
0.1460 0.4194 0.0757 -1.1602
0.0996 0.4102 -0.3735 -0.8679
0.0700 0.3875 -0.5995 -0.6540
0.0281 0.3017 -0.6475 -0.2915
0.0078 0.1894 -0.4223 -0.0841
0.0014 0.0828 -0.0930 -0.0079
0.4736 -0.2343 3.3422 -3.5305
0.3506 0.0157 2.1329 -2.7161
0.2401 0.1627 1.2297 -2.0636
0.1549 0.2426 0.5383 -1.5572
0.0927 0.2798 0.0435 -1.1753
0.0176 0.2751 -0.5236 -0.5311
0.0043 0.1685 -0.4188 -0.1345
0.0012 0.0645 -0.0790 -0.0188
0.7443 0.0891 4.6145 -3.3813
0.5431 0.3562 2.8446 -2.5759
0.4009 0.5168 1.4807 -1.9679
0.3049 0.6040 0.5161 -1.5117
0.2366 0.6426 -0.0747 -1.1718
0.0796 0.5591 -0.6469 -0.3985
0.0137 0.3212 -0.4716 -0.0723
0.0017 0.1343 -0.0892 -0.0068
0.1361 0.8484 4.1641 -5.2674
0.2894 1.0801 3.1513 -4.6667
0.3396 1.1920 2.3729 -4.0176
0.3272 1.2217 1.7395 -3.3780
0.2822 1.1983 1.1886 -2.7894
0.1295 0.9876 -0.1169 -1.4764
0.0276 0.6267 -0.5830 -0.5197
0.0025 0.2787 -0.2306 -0.0982
0.6669 1.3118 4.5983 -3.5074
0.5399 1.3477 3.5692 -2.6970
0.4321 1.3292 2.6440 -2.0574
0.3409 1.2784 1.7930 -1.5641
0.2775 1.2105 1.0351 -1.1949
0.1538 0.9866 -0.2472 -0.5564
0.0638 0.6937 -0.4453 -0.1838
0.0123 0.3743 -0.1851 -0.0258
0.5368 0.3489 3.4037 -5.5140
0.6050 0.6629 2.7003 -4.7141
0.5768 0.8381 2.1615 -3.9188
0.5011 0.9213 1.6884 -3.1846
0.4073 0.9441 1.2439 -2.5476
0.2058 0.8434 0.1500 -1.2581
0.0813 0.5894 -0.2585 -0.4454
0.0150 0.3110 -0.1608 -0.1052
1.0730 1.0704 4.4473 -5.1128
0.8757 1.2730 3.4405 -4.1177
0.7013 1.3729 2.5502 -3.2810
0.5569 1.4016 1.7366 -2.5978
0.4479 1.3826 1.0000 -2.0566
0.2585 1.1965 -0.3737 -1.0449
0.1140 0.8430 -0.5466 -0.3852
0.0113 0.3861 -0.2331 -0.0512
0.3620 1.2334 4.4483 -2.5575
0.2785 1.2159 3.4663 -1.9177
0.2158 1.1659 2.5438 -1.4390
0.1744 1.0990 1.6880 -1.0875
0.1418 1.0260 0.9639 -0.8299
0.0815 0.8183 -0.0769 -0.3973
0.0332 0.5730 -0.2619 -0.1280
0.0064 0.3141 -0.0954 -0.0129
1.5267 4.1042 11.8875 -12.9743
1.3747 4.2167 9.6970 -10.8927
1.1864 4.1700 7.8135 -9.0105
0.9985 4.0138 6.1489 -7.3660
0.8318 3.7884 4.6253 -5.9799
0.4943 2.9621 0.7369 -3.1680
0.2347 1.7872 -1.0554 -1.1722
0.0300 0.6997 -0.4146 -0.1933
-0.1776 0.7257 3.1395 -4.6137
0.0242 0.9216 2.4839 -4.0268
0.1162 1.0123 1.9751 -3.4167
0.1435 1.0333 1.5220 -2.8368
0.1397 1.0102 1.0694 -2.3216
0.0861 0.8307 -0.1862 -1.2294
0.0323 0.5312 -0.5942 -0.4534
0.0019 0.2358 -0.2150 -0.0809
-0.3369 0.2858 3.5839 -4.9669
-0.0643 0.5757 2.8545 -4.3998
0.0760 0.7391 2.3093 -3.7827
0.1352 0.8153 1.8497 -3.1781
0.1461 0.8515 1.3803 -2.6303
0.1055 0.7224 0.0990 -1.4170
0.0442 0.4745 -0.5749 -0.5321
0.0018 0.2041 -0.2374 -0.0997
-0.6691 8.4313 15.0172 -15.3985
-0.3802 8.0369 12.5570 -13.4838
-0.1607 7.5494 10.3548 -11.6408
-0.0093 7.0046 8.4152 -9.9251
0.0903 6.4337 6.7074 -8.3864
0.2101 4.7705 2.4124 -4.9018
0.1828 2.7184 -0.9870 -1.9689
0.0235 0.9532 -0.4444 -0.3384
1.0450 4.4341 10.9340 -11.8537
0.8270 4.5535 8.6737 -9.8510
0.6341 4.5014 6.7350 -8.0907
0.4797 4.3345 5.0201 -6.5915
0.3610 4.0933 3.4589 -5.3497
0.1850 3.2129 -0.1350 -2.8699
0.0747 1.9745 -0.9990 -1.0904
-0.0067 0.7185 -0.3143 -0.1431
0.6091 6.4540 13.5434 -14.2686
0.7063 6.3609 11.1969 -12.3365
0.7198 6.1359 9.1340 -10.4985
0.6804 5.8209 7.3235 -8.8180
0.6185 5.4512 5.7121 -7.3411
0.4303 4.2574 1.6092 -4.1197
0.2388 2.6451 -1.1409 -1.5995
0.0359 1.1186 -0.4920 -0.2749
1.5061 4.8556 11.6077 -12.9468
1.3176 5.0400 9.3969 -11.0274
1.1225 5.0508 7.4718 -9.2692
0.9374 4.9371 5.7744 -7.7113
0.7775 4.7395 4.2471 -6.3745
0.4697 3.9264 0.5386 -3.5632
0.2461 2.6466 -1.2192 -1.4214
0.0368 1.2854 -0.5055 -0.2663
0.8898 -5.7210 7.4858 -3.0168
0.6022 -3.7947 5.6132 -2.0281
0.4220 -2.5923 4.7647 -1.4822
0.2819 -1.8118 3.9916 -1.1457
0.1753 -1.2868 3.1179 -0.9125
-0.0163 -0.5636 1.1654 -0.3984
-0.0053 -0.2045 0.0504 -0.0747
0.0022 -0.0458 -0.0062 -0.0030
1.1350 -5.3901 7.2895 -3.3007
0.8629 -3.4811 5.0327 -2.1461
0.6906 -2.2637 3.8599 -1.4670
0.5438 -1.4827 3.1714 -1.0720
0.4158 -0.9838 2.4635 -0.8147
0.1257 -0.2957 0.8402 -0.3642
0.0136 -0.0269 -0.0635 -0.0705
0.0029 0.0298 -0.0205 -0.0002
1.9574 -2.3999 8.7517 -4.1531
1.8067 -1.2282 5.2177 -2.8235
1.6467 -0.5040 3.3390 -1.9875
1.4346 -0.0630 2.2673 -1.4516
1.1931 0.1858 1.5402 -1.0795
0.5234 0.4055 0.0824 -0.4518
0.1034 0.3094 -0.4773 -0.1249
0.0115 0.1170 -0.0640 -0.0333
1.0430 -5.5857 7.6201 -3.3406
0.7533 -3.6008 5.3702 -2.1539
0.5672 -2.3659 4.3364 -1.5036
0.4253 -1.6050 3.5872 -1.1203
0.2976 -1.0923 2.7919 -0.8684
0.0543 -0.4188 1.0085 -0.3856
0.0027 -0.1155 -0.0055 -0.0729
0.0024 -0.0110 -0.0140 -0.0020
1.6589 -4.0184 9.3828 -3.8405
1.4365 -2.4921 6.7287 -2.5600
1.2233 -1.5000 5.2123 -1.8003
1.0276 -0.9058 4.2310 -1.3443
0.8222 -0.5215 3.3313 -1.0442
0.2922 -0.0426 1.1237 -0.5002
0.0410 0.0385 -0.0741 -0.1362
0.0039 -0.0212 -0.0061 -0.0052
1.6329 -4.1361 10.6350 -4.5881
1.4064 -2.2252 7.0417 -2.7528
1.2094 -1.0973 4.9803 -1.7461
1.0007 -0.4694 3.6879 -1.1886
0.7622 -0.1071 2.6464 -0.8464
0.2423 0.2562 0.5445 -0.3239
0.0317 0.2189 -0.1905 -0.0770
0.0034 0.0795 -0.0044 -0.0043
0.4169 -3.2518 5.0448 -2.2074
0.2549 -2.2458 3.9408 -1.4918
0.1608 -1.6057 3.3166 -1.0842
0.0944 -1.1857 2.7794 -0.8442
0.0408 -0.8867 2.1445 -0.6721
-0.0373 -0.4705 0.7837 -0.3336
-0.0090 -0.2128 0.0289 -0.0885
0.0009 -0.0621 -0.0071 -0.0074
0.8526 -1.2131 3.9426 -2.1547
0.7474 -0.6876 2.5248 -1.4086
0.6541 -0.3638 1.8133 -0.9722
0.5557 -0.1543 1.3878 -0.7165
0.4574 -0.0085 1.0181 -0.5553
0.2007 0.1395 0.2297 -0.2875
0.0393 0.1357 -0.1756 -0.1028
0.0032 0.0593 -0.0317 -0.0149
0.8482 -0.9771 5.2924 -2.1229
0.7416 -0.4327 3.6818 -1.3740
0.6368 -0.1023 2.6595 -0.9169
0.5300 0.0904 1.9324 -0.6389
0.4327 0.1937 1.3663 -0.4651
0.1792 0.2631 0.3298 -0.2139
0.0345 0.1813 -0.1296 -0.0685
0.0030 0.0618 -0.0265 -0.0076
0.4874 -3.0318 4.6416 -2.2287
0.3504 -2.1510 3.5174 -1.4834
0.2621 -1.5570 2.8648 -1.0456
0.1912 -1.1513 2.3764 -0.7811
0.1339 -0.8706 1.8745 -0.6045
0.0119 -0.4435 0.7115 -0.2996
-0.0050 -0.2002 0.0118 -0.0889
0.0009 -0.0616 -0.0146 -0.0094
1.1510 -1.9217 2.2118 -3.4743
0.8651 -1.2421 -0.0291 -2.3499
0.6577 -0.8092 -0.9615 -1.6518
0.4943 -0.5254 -1.1510 -1.2154
0.3743 -0.3411 -1.1210 -0.9151
0.1438 -0.0949 -0.9218 -0.3971
0.0297 0.0003 -0.6628 -0.0761
0.0022 0.0068 -0.0838 -0.0101
0.8442 -1.0801 2.4440 -2.7972
0.6172 -0.6143 0.1918 -1.7990
0.4514 -0.3526 -0.6538 -1.2109
0.3346 -0.2003 -0.7865 -0.8591
0.2463 -0.1109 -0.7163 -0.6378
0.0963 -0.0120 -0.5284 -0.2830
0.0198 0.0118 -0.3534 -0.0726
0.0014 0.0040 -0.0274 -0.0118
0.5271 -0.3856 0.8485 -1.9167
0.4044 -0.1916 -0.1351 -1.3087
0.3094 -0.0869 -0.5139 -0.9159
0.2339 -0.0311 -0.5129 -0.6654
0.1764 -0.0023 -0.4622 -0.4965
0.0731 0.0163 -0.3052 -0.2268
0.0162 0.0090 -0.1877 -0.0690
0.0010 0.0005 -0.0033 -0.0113
0.8051 -1.2179 2.4266 -2.9437
0.6024 -0.7123 0.6079 -1.9527
0.4560 -0.4177 -0.3259 -1.3442
0.3469 -0.2432 -0.6656 -0.9622
0.2636 -0.1397 -0.6923 -0.7149
0.1101 -0.0192 -0.5308 -0.3255
0.0238 0.0085 -0.3404 -0.0935
0.0016 0.0037 -0.0423 -0.0172
0.8471 -1.6498 2.6462 -2.9324
0.6621 -1.0871 0.4808 -2.0508
0.5048 -0.6837 -0.8007 -1.4356
0.3834 -0.4262 -1.2301 -1.0431
0.2866 -0.2682 -1.2140 -0.7888
0.1086 -0.0665 -0.8994 -0.3564
0.0215 -0.0010 -0.5287 -0.0937
0.0014 0.0031 -0.0612 -0.0164
0.9258 -3.0356 3.4240 -3.0573
0.6901 -1.9711 1.7734 -2.0913
0.5240 -1.2691 1.2852 -1.4948
0.3965 -0.8025 1.1760 -1.1265
0.2932 -0.5092 1.0423 -0.8835
0.1015 -0.1425 0.3704 -0.4506
0.0125 -0.0225 -0.1455 -0.1209
0.0018 0.0014 -0.0152 -0.0085
0.6692 -1.9380 2.6512 -2.3375
0.4872 -1.1808 1.5325 -1.6061
0.3598 -0.7094 1.2777 -1.1601
0.2661 -0.4168 1.1915 -0.8859
0.1906 -0.2404 1.0572 -0.7031
0.0536 -0.0218 0.3885 -0.3584
0.0066 0.0210 -0.0562 -0.0967
0.0020 0.0117 0.0021 -0.0062
1.5631 -2.1539 1.8216 -3.0954
1.3310 -1.3452 0.4490 -2.0921
1.1081 -0.8333 0.1318 -1.4467
0.8987 -0.5029 0.0760 -1.0336
0.6514 -0.2571 -0.0372 -0.7204
0.2175 -0.0143 -0.4825 -0.2559
0.0375 0.0251 -0.4127 -0.0652
0.0033 0.0079 -0.0396 -0.0070
1.2596 -1.8808 2.9932 -2.8811
1.0645 -1.1492 1.0302 -1.8818
0.8767 -0.6992 0.3720 -1.2821
0.6995 -0.4177 0.1439 -0.9114
0.5363 -0.2438 -0.0058 -0.6730
0.2004 -0.0355 -0.3809 -0.2900
0.0390 0.0177 -0.3961 -0.0908
0.0025 0.0123 -0.0426 -0.0157
1.0030 -1.4595 1.9960 -2.0867
0.8403 -0.8716 0.8794 -1.3432
0.6889 -0.5149 0.5508 -0.9054
0.5387 -0.2971 0.4225 -0.6442
0.4063 -0.1668 0.2739 -0.4768
0.1500 -0.0190 -0.1727 -0.2028
0.0245 0.0100 -0.2609 -0.0645
0.0014 0.0049 -0.0223 -0.0129
0.5086 -1.0481 -0.4022 -1.6992
0.3913 -0.6875 -1.2982 -1.1811
0.3039 -0.4563 -1.4360 -0.8675
0.2311 -0.3044 -1.2993 -0.6665
0.1718 -0.2032 -1.1556 -0.5175
0.0601 -0.0582 -0.8660 -0.2330
0.0103 -0.0052 -0.5049 -0.0559
0.0006 0.0014 -0.0754 -0.0097
0.4028 -1.4697 1.4170 -1.5188
0.2789 -0.9712 0.7623 -1.0202
0.2035 -0.6516 0.5629 -0.7256
0.1500 -0.4443 0.4581 -0.5430
0.1084 -0.3074 0.3163 -0.4158
0.0357 -0.1144 -0.0755 -0.1835
0.0059 -0.0362 -0.1768 -0.0453
0.0004 -0.0066 -0.0194 -0.0033
0.9602 -1.6772 1.8426 -2.6021
0.7469 -1.1738 0.5074 -1.8374
0.5893 -0.8271 -0.0007 -1.3419
0.4518 -0.5826 -0.1542 -1.0134
0.3474 -0.4067 -0.2408 -0.7857
0.1316 -0.1444 -0.4878 -0.3725
0.0210 -0.0247 -0.5417 -0.0757
0.0032 -0.0100 -0.0735 -0.0073
0.6331 -1.5362 2.5483 -2.2305
0.4877 -0.8133 0.5680 -1.5668
0.3781 -0.3724 -0.1545 -1.1547
0.2932 -0.1105 -0.2697 -0.8947
0.2199 0.0378 -0.2362 -0.7200
0.0775 0.1829 -0.3044 -0.3843
0.0202 0.1470 -0.3332 -0.1139
0.0028 0.0616 -0.0569 -0.0105
0.8015 -0.8249 2.0815 -2.5737
0.6426 -0.2898 0.2153 -1.7582
0.5190 0.0363 -0.5389 -1.2397
0.4146 0.2266 -0.7217 -0.9063
0.3357 0.3328 -0.7473 -0.6864
0.1482 0.4062 -0.6794 -0.3315
0.0403 0.3057 -0.5305 -0.0959
0.0060 0.1383 -0.1063 -0.0109
0.8006 -1.2477 2.4790 -2.4155
0.6432 -0.5365 0.3316 -1.6984
0.5197 -0.1128 -0.4872 -1.2474
0.4198 0.1331 -0.6192 -0.9631
0.3310 0.2688 -0.5552 -0.7708
0.1436 0.3671 -0.4907 -0.4108
0.0384 0.2735 -0.4002 -0.1218
0.0056 0.1249 -0.0719 -0.0106
0.5405 -0.3780 2.4514 -2.2482
0.4772 0.1183 -0.0394 -1.6172
0.4166 0.3935 -1.1575 -1.2056
0.3337 0.5307 -1.3850 -0.9241
0.2778 0.5824 -1.3081 -0.7284
0.1311 0.5360 -0.8722 -0.3856
0.0290 0.3353 -0.4788 -0.1209
0.0036 0.1257 -0.0706 -0.0110
0.2212 -0.1304 0.6394 -1.1941
0.1735 0.0675 -0.3001 -0.8632
0.1368 0.1773 -0.7646 -0.6375
0.1098 0.2316 -0.8814 -0.4852
0.0898 0.2519 -0.8303 -0.3799
0.0429 0.2251 -0.5578 -0.1930
0.0109 0.1355 -0.2588 -0.0588
0.0011 0.0466 -0.0344 -0.0063
0.4688 0.5953 3.6368 -3.1832
0.4979 0.9299 1.8150 -2.4276
0.4982 1.0918 0.4307 -1.8592
0.4735 1.1468 -0.4539 -1.4427
0.4361 1.1363 -0.8923 -1.1401
0.2670 0.9414 -0.8645 -0.6111
0.0720 0.5841 -0.4922 -0.2145
0.0071 0.2158 -0.1118 -0.0229
0.4776 0.4527 1.5785 -3.0123
0.4276 0.7545 0.6724 -2.2316
0.3737 0.9085 0.0407 -1.6632
0.3215 0.9669 -0.3355 -1.2540
0.2752 0.9649 -0.4577 -0.9636
0.1456 0.8019 -0.3253 -0.4793
0.0367 0.4802 -0.2330 -0.1610
0.0075 0.1483 -0.0500 -0.0157
0.3721 0.5224 0.8024 -1.8703
0.3704 0.7458 -0.3138 -1.4400
0.3520 0.8520 -0.9704 -1.1292
0.3228 0.8770 -1.2246 -0.9037
0.2866 0.8611 -1.2139 -0.7355
0.1630 0.7163 -0.8354 -0.4002
0.0502 0.4674 -0.4682 -0.1221
0.0069 0.2000 -0.0950 -0.0096
0.4575 -0.7320 2.4401 -2.7165
0.4807 -0.1727 0.8814 -2.0578
0.4785 0.1840 -0.2182 -1.5897
0.4583 0.3966 -0.8521 -1.2579
0.4144 0.5145 -1.0922 -1.0128
0.2432 0.5917 -0.9587 -0.5512
0.0727 0.4397 -0.6039 -0.1800
0.0090 0.1893 -0.1289 -0.0171
0.4126 -1.1332 1.7297 -2.0900
0.3597 -0.5788 0.3860 -1.5184
0.3195 -0.2236 -0.2961 -1.1489
0.2803 0.0091 -0.5395 -0.8905
0.2394 0.1456 -0.5559 -0.7147
0.1107 0.2642 -0.4944 -0.3864
0.0258 0.2004 -0.3732 -0.1181
0.0029 0.0786 -0.0663 -0.0095
1.0311 -1.4521 3.4752 -3.2727
0.9251 -0.5366 0.9843 -2.3024
0.8406 0.0126 -0.3305 -1.6899
0.7458 0.3250 -0.8228 -1.2900
0.6524 0.4905 -0.8998 -1.0181
0.3568 0.6006 -0.7627 -0.5433
0.0952 0.4448 -0.5293 -0.1768
0.0133 0.2026 -0.1040 -0.0161
0.6344 0.4029 6.6408 -4.1453
0.4186 0.6671 3.8921 -2.8667
0.1897 0.7945 1.1245 -1.6735
0.0684 0.7814 -0.1796 -1.0307
0.0112 0.7195 -0.5872 -0.6794
-0.0178 0.5034 -0.5849 -0.2624
-0.0068 0.2717 -0.3322 -0.0736
-0.0001 0.0954 -0.0493 -0.0123
0.2955 0.7615 2.6427 -1.5580
0.2111 0.7718 1.6894 -1.1319
0.1556 0.7511 0.8611 -0.8332
0.1179 0.7132 0.2316 -0.6234
0.0928 0.6672 -0.1578 -0.4765
0.0472 0.5241 -0.4283 -0.2268
0.0189 0.3402 -0.3019 -0.0631
0.0040 0.1524 -0.0561 -0.0039
0.3082 1.7307 3.8785 -4.6064
0.3634 1.7423 2.3648 -3.5639
0.3639 1.6679 1.2417 -2.7285
0.3367 1.5467 0.3969 -2.0765
0.3018 1.4051 -0.1953 -1.5850
0.1907 0.9888 -0.7150 -0.7466
0.0604 0.5239 -0.4303 -0.2531
0.0051 0.1686 -0.1154 -0.0303
0.7046 -0.8772 0.3826 -1.6815
0.5772 -0.5996 -0.1508 -1.2335
0.4666 -0.4029 -0.4262 -0.9268
0.3726 -0.2646 -0.5529 -0.7102
0.2907 -0.1701 -0.6109 -0.5529
0.1262 -0.0293 -0.6817 -0.2597
0.0225 0.0249 -0.5229 -0.0474
0.0019 0.0110 -0.0716 -0.0047
0.8711 -1.3515 1.0550 -2.3309
0.6719 -0.9154 0.2327 -1.6583
0.5152 -0.6188 -0.0577 -1.2149
0.3915 -0.4199 -0.1694 -0.9118
0.2889 -0.2871 -0.2242 -0.6972
0.1104 -0.0911 -0.4097 -0.3198
0.0257 -0.0154 -0.4419 -0.0825
0.0047 -0.0055 -0.0813 -0.0072
0.9163 -1.4002 4.6301 -2.4759
0.7429 -0.6705 2.5345 -1.6752
0.5958 -0.2291 1.5681 -1.1965
0.4836 0.0319 1.0951 -0.9022
0.3743 0.1775 0.8221 -0.7121
0.1464 0.3062 0.1051 -0.3625
0.0305 0.2183 -0.2480 -0.0924
0.0032 0.0803 -0.0326 -0.0051
0.5547 -0.6549 1.0339 -1.7294
0.4332 -0.3328 0.0772 -1.2622
0.3467 -0.1238 -0.3049 -0.9505
0.2738 0.0070 -0.4204 -0.7364
0.2168 0.0875 -0.4643 -0.5833
0.0981 0.1688 -0.5727 -0.2984
0.0220 0.1353 -0.4617 -0.0840
0.0023 0.0427 -0.0584 -0.0092
0.2257 0.2585 2.1729 -3.0331
0.2441 0.4678 1.5483 -2.4108
0.2198 0.5787 0.9683 -1.8778
0.1826 0.6253 0.4276 -1.4468
0.1491 0.6308 -0.0292 -1.1131
0.0818 0.5392 -0.5877 -0.5304
0.0264 0.3463 -0.4404 -0.1832
0.0031 0.1438 -0.1137 -0.0333
0.6078 -0.9944 3.7439 -3.3641
0.4621 -0.5985 2.3991 -2.4182
0.3541 -0.3302 1.3814 -1.7455
0.2737 -0.1510 0.6347 -1.2731
0.2122 -0.0323 0.1291 -0.9410
0.1006 0.1239 -0.4325 -0.4156
0.0222 0.1469 -0.4954 -0.1246
0.0024 0.0761 -0.1459 -0.0208
